849
676 847
16 330
400 81
530 585
472 485
815 560
540 62
464 631
419 284
591 442
491 15
296 15
292 812
361 429
9 238
787 208
756 283
329 687
592 742
10 73
7 9
39 396
150 72
799 204
36 321
698 275
23 14
171 145
147 408
240 317
438 404
224 116
309 25
145 153
711 463
443 77
165 495
197 105
489 210
457 135
313 566
252 407
346 172
622 171
540 780
380 778
292 175
592 840
2 744
363 505
406 160
76 145
63 355
83 810
141 37
39 144
77 832
548 705
547 259
257 299
821 211
12 6
65 101
405 455
611 523
216 9
386 525
258 368
387 15
319 747
173 214
1 7
506 355
248 197
538 191
80 729
332 848
462 303
94 259
34 615
504 648
147 760
277 199
103 195
29 707
232 829
181 206
632 142
645 604
797 320
405 27
175 736
327 28
275 500
33 398
239 273
494 274
141 297
472 143
728 54
542 427
19 433
699 662
17 139
358 575
231 184
18 14
679 715
601 86
87 456
43 49
66 120
234 133
592 492
20 250
697 688
77 96
470 418
363 548
153 451
43 24
133 262
39 174
653 426
404 11
776 400
57 28
21 19
401 326
232 270
116 774
492 509
479 25
364 298
846 845
501 568
565 806
69 431
143 152
345 129
172 514
60 43
52 18
69 127
499 89
275 164
565 666
385 335
38 366
8 20
175 319
527 635
173 623
606 574
352 176
684 649
620 51
820 760
267 803
693 194
786 363
573 10
633 277
535 322
583 300
837 172
421 387
24 23
114 61
746 132
224 311
51 14
541 727
753 19
315 64
406 409
87 668
106 142
41 554
545 344
163 257
87 488
10 5
265 655
183 181
18 659
64 58
2 26
771 126
767 276
66 85
66 536
104 650
98 29
443 467
325 704
174 177
143 56
75 4
235 160
709 553
327 689
9 796
307 671
173 268
359 238
375 242
834 587
4 119
2 45
768 283
62 111
32 754
49 227
402 414
2 113
318 663
97 369
105 638
582 731
93 57
140 604
306 512
192 150
619 770
79 134
71 30
187 332
104 286
608 722
658 53
224 690
692 578
434 446
35 117
15 210
365 642
794 181
607 86
709 844
2 660
265 561
617 176
136 267
193 526
702 163
644 103
269 261
695 8
221 236
8 16
305 119
356 824
46 59
424 584
521 175
32 22
32 36
337 211
289 441
276 673
344 448
586 486
41 386
342 17
295 19
514 791
653 792
6 283
459 45
36 106
44 649
129 102
76 49
1 2
217 52
104 107
38 528
416 400
5 3
22 7
237 122
616 258
87 646
701 63
50 43
240 98
564 696
336 211
333 282
200 52
280 6
99 72
120 453
151 348
33 501
147 372
423 555
586 849
614 836
436 108
334 305
274 93
765 167
634 8
212 37
325 312
53 94
814 99
825 28
214 411
810 830
13 191
265 20
250 279
125 38
190 62
110 57
128 537
402 258
656 457
595 439
677 197
377 305
339 84
349 520
78 247
532 87
52 826
105 98
478 113
450 418
61 9
341 686
358 249
223 77
30 27
243 486
77 52
460 140
675 381
239 662
178 52
152 393
274 522
74 665
465 376
14 58
320 55
676 206
33 373
205 125
116 384
536 721
24 47
387 417
271 177
128 16
316 96
109 72
138 34
54 136
808 102
15 9
173 254
748 764
228 31
489 750
204 434
793 185
769 57
233 556
81 77
230 1
410 480
408 759
16 39
390 157
130 120
340 191
107 158
375 845
11 87
694 227
13 184
190 534
115 26
163 493
827 525
115 172
415 27
628 116
165 392
245 308
287 97
258 106
4 6
447 182
226 222
318 4
410 169
260 254
136 612
96 524
19 40
531 338
44 490
237 264
132 28
134 198
345 519
271 437
95 376
33 54
784 395
424 559
124 44
202 165
6 83
140 115
637 621
463 364
56 779
669 541
74 46
469 459
281 678
772 25
283 335
609 550
505 563
137 232
391 817
137 225
514 712
70 246
667 247
159 218
741 285
442 530
84 35
312 464
128 577
27 14
641 20
544 155
80 69
413 316
282 427
329 379
66 161
789 352
78 48
378 187
196 167
411 724
130 397
726 299
570 407
34 35
193 773
256 69
241 357
367 304
108 156
219 838
841 742
643 529
234 241
34 193
474 134
25 38
239 627
511 361
199 77
12 104
191 222
362 289
298 533
204 288
305 331
647 331
10 11
21 95
326 276
126 26
425 588
107 672
167 99
289 58
552 227
152 497
124 135
640 537
261 172
34 68
72 37
302 248
357 801
288 835
315 477
7 374
458 346
44 298
99 481
418 751
234 624
318 589
180 116
92 294
53 112
300 49
182 143
791 813
121 170
55 18
423 313
314 732
802 565
170 610
722 777
520 674
608 372
451 730
576 224
660 749
264 303
476 158
624 788
440 354
276 165
123 70
281 140
531 550
781 409
4 42
428 680
369 790
691 151
139 159
552 598
719 505
395 208
4 8
166 82
351 220
79 48
91 25
272 652
484 454
605 515
352 809
758 455
613 9
25 285
843 358
720 523
43 82
525 557
7 62
77 347
54 527
710 288
121 38
644 706
112 361
103 186
119 204
3 46
189 56
7 360
59 272
306 48
159 179
371 305
381 62
502 124
10 14
385 391
241 614
551 133
167 168
516 120
745 714
39 70
207 15
22 88
782 617
304 113
503 156
763 453
468 599
657 243
129 703
576 737
546 816
242 168
43 157
27 290
569 800
388 264
154 255
150 323
36 201
146 57
148 106
382 153
181 219
762 212
203 7
302 312
13 63
465 798
187 432
194 11
57 229
507 158
625 621
281 504
220 17
558 442
107 147
725 606
386 518
38 67
386 543
60 102
19 56
831 90
619 47
356 118
146 209
394 340
185 64
321 541
41 7
464 471
89 213
3 1
716 757
116 106
445 179
30 86
5 163
353 128
214 636
304 629
243 45
783 637
578 227
65 278
155 72
613 775
2 19
651 357
456 700
124 468
19 48
137 19
341 207
597 557
4 3
31 324
556 804
173 118
125 508
215 56
593 338
344 202
76 211
634 748
421 425
34 3
596 51
33 188
90 20
35 661
190 761
192 564
828 567
126 839
716 115
572 228
317 482
131 82
31 282
682 78
97 176
735 649
678 714
496 480
17 165
175 487
238 380
151 63
743 389
307 88
502 733
430 390
420 126
452 823
2 291
454 97
94 466
322 229
403 257
89 21
100 160
114 422
12 31
286 560
157 354
323 529
25 4
301 80
136 370
439 309
2 546
78 581
28 5
33 37
752 494
239 85
164 263
36 164
53 8
181 77
82 103
115 363
452 174
331 475
225 310
461 291
562 30
31 65
602 75
365 287
25 208
374 399
618 209
495 664
708 546
418 210
249 177
17 15
513 471
103 122
842 434
163 338
216 314
229 426
445 670
755 242
683 207
118 233
102 266
113 187
818 1
163 582
717 260
133 56
66 9
383 11
73 154
549 445
807 480
349 201
244 579
600 215
284 94
738 575
13 8
282 350
469 766
554 621
244 239
370 428
73 253
822 610
101 328
772 819
169 52
723 658
517 374
120 569
745 795
682 713
252 107
685 644
118 36