1000 9883
47 587
963 946
974 724
401 461
916 356
699 604
599 255
307 807
972 19
668 308
836 75
542 261
85 230
251 194
277 948
574 216
865 691
312 813
791 687
667 357
267 548
129 544
892 440
828 776
490 401
312 668
773 881
481 315
43 604
960 770
31 667
256 931
795 118
559 145
448 91
930 959
143 958
576 839
373 31
856 247
72 550
843 467
98 262
909 164
405 389
334 277
944 761
905 837
926 569
283 553
233 390
892 979
93 541
64 696
712 756
451 360
822 361
144 256
353 670
788 911
480 263
408 36
873 464
712 978
750 622
716 906
257 449
223 682
23 766
119 581
428 366
290 395
96 454
279 961
806 750
350 698
471 144
690 891
964 366
808 990
402 883
773 256
599 18
733 835
143 56
315 883
798 892
481 515
36 251
898 910
340 527
705 660
891 65
264 119
288 84
659 71
660 756
406 548
65 102
564 72
235 690
136 407
653 686
273 34
681 189
919 367
330 36
95 356
192 13
502 366
872 622
421 732
335 442
357 734
633 935
687 326
927 343
875 46
901 842
73 120
268 167
775 929
770 33
516 589
888 450
101 945
814 942
541 910
113 182
324 222
77 386
791 458
83 123
291 380
257 444
668 922
341 750
103 451
811 638
845 782
189 810
211 546
765 87
163 903
972 663
76 476
849 228
246 852
101 127
604 842
110 135
685 647
483 307
640 8
824 341
940 475
402 354
267 643
824 196
476 975
17 387
406 998
873 921
475 597
899 893
194 503
324 854
352 803
242 459
830 216
78 797
482 442
891 986
29 423
216 910
296 298
243 975
264 328
446 592
142 361
207 397
338 556
528 516
652 413
798 252
960 110
654 486
199 812
328 456
435 556
149 742
64 252
504 9
693 921
453 176
679 966
757 482
943 54
158 671
948 997
932 418
257 512
224 119
139 254
715 899
497 674
284 832
671 84
726 711
71 948
6 186
443 437
559 995
914 190
270 646
453 756
862 848
958 531
25 789
959 318
663 809
409 630
319 223
357 104
811 895
217 469
636 289
578 689
445 902
483 303
122 757
267 606
640 20
506 586
57 134
259 990
167 249
260 301
868 90
172 593
747 975
934 293
916 304
479 200
262 614
53 941
860 661
899 543
49 784
748 918
901 198
259 410
387 209
969 545
930 809
754 485
402 398
132 375
783 452
439 306
888 574
525 141
362 301
952 559
961 935
600 225
54 788
519 960
850 409
304 381
602 802
362 207
938 153
957 844
486 36
345 912
921 115
771 226
85 990
230 217
569 929
187 246
25 215
381 52
456 245
76 991
426 469
537 667
836 24
894 274
846 81
78 255
885 757
63 873
724 693
656 573
694 5
328 670
937 880
738 985
423 17
25 610
229 194
330 452
18 429
290 326
57 49
955 600
165 878
498 165
82 548
397 519
146 265
698 298
275 87
869 259
82 951
264 64
216 509
87 458
769 525
990 553
924 175
86 134
90 333
745 346
844 86
422 132
179 51
515 555
62 952
726 961
585 723
947 916
695 990
256 821
424 439
633 575
795 216
283 492
17 56
273 214
403 951
351 917
9 556
946 247
468 810
865 269
974 665
705 356
517 6
563 66
451 700
822 989
179 845
754 747
774 848
222 813
689 936
139 459
909 163
692 533
18 580
46 398
382 38
128 855
900 969
406 858
176 803
916 962
920 482
524 220
279 708
487 750
302 181
849 477
870 53
595 954
467 478
334 166
115 52
366 937
10 136
352 595
821 923
519 121
152 89
462 698
722 65
266 481
855 417
346 573
918 761
561 69
104 961
910 569
103 781
109 336
860 392
402 880
989 812
683 385
468 529
984 210
551 142
274 182
592 965
802 873
77 771
100 228
248 515
635 497
721 804
976 435
759 472
29 337
820 76
661 668
169 182
867 994
406 549
173 870
462 266
393 446
622 835
844 457
830 140
463 941
122 225
820 354
473 889
277 681
984 329
616 391
320 196
123 649
415 735
342 597
382 902
734 443
917 889
170 586
487 249
507 647
364 260
182 536
976 886
136 980
451 553
749 520
585 533
515 80
528 485
202 872
897 816
440 965
452 430
41 618
888 451
447 642
125 292
287 981
37 766
814 261
936 616
851 279
716 616
380 837
881 1000
110 426
333 121
320 952
483 596
484 251
266 50
663 197
2 536
632 277
560 18
815 954
779 240
138 200
696 562
932 978
259 852
367 799
303 815
760 697
1000 232
547 765
659 279
74 861
510 781
369 399
775 405
750 34
123 248
683 122
942 789
669 35
256 544
310 663
5 427
890 445
346 683
511 855
402 137
593 666
460 407
725 493
528 871
838 580
539 862
401 71
313 659
502 169
602 267
89 500
491 440
398 788
297 135
445 263
818 867
505 100
213 795
841 450
754 593
477 918
540 244
62 528
406 780
502 331
17 145
202 415
596 195
530 433
969 503
808 51
679 880
738 172
466 427
874 316
774 683
614 426
62 989
858 840
217 891
384 329
3 497
33 598
609 411
519 274
79 299
84 595
824 822
864 55
276 429
421 983
618 106
819 785
345 710
791 250
882 423
977 505
975 658
211 961
363 998
205 35
983 20
713 528
242 40
65 914
781 892
319 781
893 504
436 239
534 864
270 114
865 804
847 892
29 281
426 722
658 427
570 559
644 234
113 136
369 870
946 494
86 325
91 753
221 674
354 5
563 707
583 116
457 276
437 790
829 20
64 146
1000 958
507 734
734 115
735 990
995 869
814 299
338 416
219 777
268 443
71 454
735 879
776 510
762 203
232 818
818 105
380 682
88 310
948 676
24 990
757 84
14 973
189 199
447 629
638 344
418 632
34 442
508 613
606 762
810 999
82 78
266 793
785 547
91 292
291 422
186 80
719 942
996 609
98 932
814 854
232 398
84 631
470 920
716 864
606 532
422 543
802 153
167 809
507 370
767 752
271 895
238 390
994 864
349 567
668 737
51 737
436 941
384 768
310 244
760 753
447 239
711 594
488 468
453 922
661 421
794 838
246 703
502 725
928 316
289 374
436 195
935 670
338 945
530 20
997 430
545 37
484 759
195 636
489 863
169 857
96 983
227 47
714 551
53 503
238 941
382 536
933 232
381 955
807 643
442 725
719 738
27 117
725 22
910 1000
154 256
924 364
84 241
549 937
861 967
643 172
22 957
130 489
705 379
823 399
602 367
87 84
174 81
337 955
231 32
692 534
314 860
496 599
170 792
335 198
249 769
275 945
468 485
818 751
634 660
652 505
324 228
10 343
100 353
180 987
452 64
471 228
669 378
689 107
102 896
659 687
367 36
741 343
581 830
160 758
785 809
881 604
241 509
385 443
684 57
405 936
65 655
872 297
564 615
727 245
30 95
180 360
452 501
916 36
459 403
812 405
371 767
85 565
190 144
29 14
640 477
773 159
850 514
764 92
695 750
511 557
246 266
756 799
425 195
304 924
156 85
217 161
460 451
407 196
709 964
821 464
565 416
753 896
383 197
888 921
120 515
304 762
257 724
184 628
826 943
83 358
815 25
212 66
287 400
161 772
970 18
496 661
219 559
429 191
52 838
1 600
473 723
607 360
620 235
993 460
854 397
297 469
979 145
193 516
12 120
857 557
785 312
935 842
663 443
597 691
211 488
269 760
793 966
61 492
889 877
176 960
822 331
148 366
766 697
615 273
927 149
486 463
436 720
976 965
33 260
631 175
916 73
555 507
65 619
651 940
870 304
945 719
372 640
981 542
653 286
360 72
588 464
846 936
827 176
997 260
212 972
692 342
534 804
803 983
933 620
43 882
95 881
422 483
947 986
816 602
564 194
820 178
325 764
252 332
15 80
289 431
697 282
133 374
821 953
695 912
455 399
829 414
260 143
759 221
652 697
167 109
805 405
239 937
615 514
429 897
526 17
253 733
93 308
388 504
918 335
353 175
395 910
417 842
697 982
596 204
46 229
84 920
965 102
1 420
239 764
311 131
573 236
760 461
61 440
390 534
157 825
503 967
257 835
166 797
1 949
172 346
905 899
598 752
603 902
253 769
415 246
182 98
404 773
885 332
957 623
906 707
157 603
713 219
201 271
76 653
374 882
989 431
827 444
556 278
7 78
928 853
160 719
103 481
187 965
458 940
564 894
831 493
788 345
107 883
238 491
385 483
349 978
20 963
63 196
122 640
86 815
626 816
828 800
479 788
212 881
599 103
569 432
73 769
113 988
358 260
665 581
171 252
985 288
860 736
707 367
857 286
365 150
416 84
41 297
574 925
616 147
199 72
481 675
703 328
544 463
216 176
574 255
812 816
173 635
972 430
23 476
370 139
463 789
246 143
782 923
114 789
795 28
467 191
620 15
287 360
624 74
202 432
967 401
791 72
919 119
758 133
539 211
889 90
288 713
272 78
580 572
210 658
653 184
267 325
784 41
221 150
791 302
940 676
45 968
488 635
785 401
254 70
970 671
718 465
455 664
305 244
125 491
42 993
374 311
870 15
56 939
163 867
737 346
422 540
615 28
812 35
394 132
507 373
396 890
940 383
411 587
104 999
307 522
327 695
110 189
937 647
459 327
670 163
229 849
671 398
804 957
837 914
915 184
823 579
826 345
562 508
911 44
238 848
259 589
77 750
740 50
782 315
252 372
968 701
648 827
168 222
768 253
476 727
614 981
578 87
355 242
636 833
123 382
36 671
218 550
723 703
562 707
134 808
800 180
69 465
843 246
270 344
277 516
601 392
680 793
662 665
459 638
619 796
377 217
514 384
698 741
700 443
443 962
631 621
763 562
232 815
33 834
782 657
839 928
988 382
202 295
610 424
684 615
97 91
595 452
44 454
136 905
11 791
84 839
909 818
912 90
16 175
159 881
644 545
223 359
120 19
652 20
504 434
12 187
567 171
275 987
187 167
409 865
998 109
942 89
509 16
20 781
332 559
741 709
297 948
997 811
5 287
836 239
929 475
417 303
695 180
147 386
755 985
559 933
802 186
396 911
346 238
977 448
426 326
246 847
543 369
727 244
677 911
287 567
475 831
854 361
103 783
663 728
509 596
313 185
540 520
775 435
691 908
952 480
458 553
76 782
259 536
646 164
597 423
831 104
781 643
85 278
954 570
581 136
734 575
122 781
514 945
290 957
423 909
41 353
305 133
479 403
346 580
66 839
550 61
683 988
686 168
744 734
813 566
207 347
610 106
632 114
101 885
999 156
691 151
245 611
900 159
809 288
828 4
888 743
27 751
582 31
162 586
632 831
884 787
442 298
689 859
657 261
197 196
490 94
156 959
766 426
415 162
589 548
149 131
333 230
779 20
99 782
431 873
324 511
290 59
755 949
665 477
495 118
366 946
560 133
778 196
964 175
362 729
509 790
699 842
936 648
629 517
150 646
355 656
108 840
163 537
518 157
167 65
894 419
769 681
399 18
113 823
310 587
61 591
850 596
216 520
740 714
570 823
111 405
332 102
298 18
981 895
380 378
218 333
890 443
63 359
244 554
415 782
454 800
77 519
251 380
805 259
169 33
451 971
303 42
506 162
383 248
476 526
580 916
264 474
382 928
771 429
974 676
297 278
26 380
282 226
895 226
736 617
348 871
386 68
245 25
706 541
448 821
602 986
287 260
992 946
439 457
886 274
267 344
257 834
476 114
495 982
664 238
815 20
720 859
242 531
296 647
210 53
391 8
339 299
770 435
422 870
776 768
104 607
11 61
231 734
974 650
297 908
376 915
199 723
842 656
699 249
869 185
46 896
324 640
589 298
494 86
538 728
133 772
872 354
387 487
290 289
370 115
618 669
655 816
18 471
848 394
460 64
403 465
484 846
838 885
711 505
425 77
734 938
368 751
901 33
302 726
468 698
51 892
787 70
325 137
644 325
904 234
905 183
501 446
319 749
929 809
40 976
717 13
977 613
934 541
645 300
969 597
256 812
829 417
298 443
161 993
933 67
654 459
611 121
979 509
541 414
65 333
191 773
505 6
16 279
514 522
342 659
400 246
973 979
446 941
213 942
306 192
715 356
787 627
404 597
838 185
687 138
328 487
18 607
793 867
960 252
48 593
178 281
589 825
610 372
171 992
944 672
961 710
836 982
362 93
415 213
163 4
917 371
277 359
119 863
798 430
34 299
828 641
286 237
768 892
880 752
940 90
674 362
413 246
430 716
197 591
660 297
383 788
284 581
626 962
280 292
474 631
963 41
266 347
747 654
967 593
151 644
137 858
25 528
63 72
229 848
836 328
544 671
733 25
80 159
83 784
483 42
907 956
568 132
165 282
169 863
722 885
907 781
692 45
807 812
666 896
575 336
902 512
118 133
527 157
967 42
400 308
695 987
983 634
215 518
298 415
635 410
434 79
810 498
575 566
9 593
728 151
505 34
205 865
568 687
456 74
520 818
762 237
301 415
374 767
103 23
340 315
141 310
292 166
666 503
497 312
910 232
658 627
642 108
718 387
81 590
978 468
245 755
407 580
945 229
512 896
131 303
453 262
978 103
154 933
708 268
853 869
346 461
932 372
516 651
901 899
742 103
870 40
492 806
589 400
752 306
662 292
223 662
423 464
120 353
201 410
493 396
149 320
9 501
306 925
854 956
122 697
263 457
622 266
869 467
781 817
85 420
696 887
180 392
12 941
574 971
924 142
906 385
907 984
604 8
674 272
274 87
398 883
810 37
687 665
378 227
969 924
677 339
56 355
239 957
830 179
430 285
838 750
911 854
92 964
558 537
596 468
979 452
528 540
298 695
251 433
442 135
201 836
368 243
80 711
142 435
167 801
83 473
211 574
415 510
625 430
991 715
316 337
546 818
106 877
368 244
921 270
923 424
103 136
241 851
148 505
2 329
248 101
672 967
34 480
767 886
328 29
756 354
393 903
906 700
374 788
68 199
710 658
324 105
107 619
976 552
613 429
724 522
603 715
324 504
399 462
38 698
827 259
519 457
996 394
216 892
717 464
383 812
367 171
336 437
372 531
929 192
731 220
362 617
915 789
186 731
483 311
945 606
565 861
512 71
219 273
26 753
480 867
798 973
379 87
125 583
164 809
592 932
778 281
424 154
265 426
215 698
734 606
640 38
379 235
355 47
187 870
498 605
317 503
302 405
271 410
203 496
675 874
435 229
800 656
921 686
60 206
390 859
669 612
448 104
191 736
32 855
452 544
415 700
182 729
936 493
793 612
914 412
738 56
900 735
44 617
600 9
249 989
417 825
549 240
560 663
923 263
64 464
908 81
823 358
844 771
442 207
528 452
340 738
625 692
547 615
638 178
162 305
948 912
219 768
917 463
242 611
404 246
150 470
832 761
874 108
836 32
840 35
635 742
979 600
618 504
506 958
238 489
243 341
946 982
108 941
586 749
77 998
15 400
328 580
522 964
6 317
677 696
15 1
826 446
994 556
859 442
473 107
866 466
155 307
563 430
47 769
947 783
198 503
226 996
248 660
778 543
217 159
971 2
40 864
972 345
98 170
740 717
887 366
959 557
359 273
792 650
435 193
682 322
248 626
302 147
175 131
306 110
416 530
878 966
183 660
632 785
636 652
135 198
343 978
642 349
719 375
232 821
128 201
197 121
948 679
378 201
537 756
330 346
993 10
357 611
28 645
512 822
909 780
13 343
676 233
104 613
206 376
448 560
508 608
783 900
515 314
723 63
851 242
340 629
604 458
107 674
879 704
965 279
145 786
534 340
955 257
333 173
372 437
745 181
194 597
802 70
134 656
825 749
509 876
58 132
594 466
741 385
63 149
497 987
108 770
180 663
875 650
962 449
410 936
158 202
470 232
826 368
419 698
262 804
659 336
826 483
241 129
593 436
911 46
91 899
388 105
373 565
355 22
617 463
854 44
364 988
985 435
472 794
398 6
551 452
203 90
540 891
777 415
450 849
135 484
551 341
52 707
446 529
191 602
334 511
435 172
187 543
160 445
890 914
861 23
563 168
160 341
454 11
572 426
772 164
424 74
408 847
259 43
725 132
709 527
69 352
969 338
365 757
757 787
960 59
154 494
709 656
364 435
112 348
75 928
594 592
175 389
260 989
610 422
261 816
938 892
523 632
338 165
211 465
429 122
693 989
412 840
880 928
866 655
836 971
505 605
269 546
336 438
611 673
689 31
985 200
803 19
785 960
152 191
461 907
525 706
289 890
953 467
581 827
489 339
971 723
129 770
936 686
742 838
871 550
419 121
659 398
398 552
608 358
241 323
998 431
855 18
203 907
845 472
668 631
320 749
542 72
602 255
420 664
904 325
561 626
411 887
673 24
584 685
821 128
289 279
570 896
94 450
885 963
82 806
859 482
769 926
311 839
437 568
442 914
683 816
578 6
198 319
188 353
705 905
152 823
123 284
485 925
52 784
861 518
689 669
88 36
93 301
455 714
190 134
442 615
558 905
740 532
191 860
857 435
188 450
735 787
683 764
758 80
447 859
122 318
841 260
239 741
649 653
708 948
644 917
71 536
664 698
917 712
793 858
41 989
778 336
252 66
442 155
776 663
407 619
729 665
489 156
989 215
332 766
477 483
375 696
728 607
214 766
278 623
357 238
316 637
214 617
197 629
879 361
885 568
807 991
953 103
513 23
822 27
290 424
349 971
794 616
561 803
504 111
327 448
493 256
446 142
731 76
146 314
168 481
473 14
284 428
692 337
158 429
900 959
181 980
351 388
632 614
928 359
177 946
786 445
397 732
878 495
565 400
998 289
601 778
748 943
678 902
648 245
367 735
207 618
613 723
579 991
855 634
52 837
933 220
648 68
980 429
448 506
175 121
566 890
880 477
681 156
94 107
957 55
282 881
505 104
183 691
365 556
314 590
100 687
249 115
799 118
771 60
654 491
567 606
235 209
221 30
782 591
280 943
608 644
516 415
790 106
315 54
617 602
279 467
357 991
448 981
968 268
235 511
686 154
138 340
598 870
638 179
824 843
760 52
534 478
438 35
663 702
138 295
533 158
148 252
298 545
64 899
509 839
208 318
869 167
348 326
345 635
793 483
551 678
411 608
319 43
252 30
508 112
384 824
149 488
940 293
725 585
483 338
910 757
424 960
803 615
471 749
789 696
339 659
904 398
467 806
29 243
507 57
90 451
760 931
165 403
536 217
220 834
958 884
961 348
156 250
138 605
144 658
622 722
442 987
924 247
284 86
359 562
730 130
752 470
557 863
598 117
916 861
70 818
967 64
934 139
666 989
924 294
528 982
697 540
363 213
980 509
113 494
277 749
776 132
960 417
155 193
670 800
123 693
605 585
37 237
518 884
814 303
291 990
232 935
545 714
58 623
567 930
917 671
461 563
922 7
616 880
893 528
527 748
913 712
663 508
773 394
44 364
580 590
894 170
732 769
953 724
44 512
598 385
828 958
64 705
818 470
492 941
418 968
419 353
718 327
349 736
171 640
98 928
335 957
563 598
103 433
606 536
759 798
194 594
450 456
893 84
489 374
591 285
165 842
507 374
876 917
551 899
826 142
385 460
370 2
777 962
831 147
122 675
656 577
346 43
901 353
440 386
506 693
532 195
288 598
223 368
405 739
159 820
215 370
831 222
114 481
959 797
731 103
341 86
215 637
661 643
117 575
703 280
959 866
624 685
256 667
386 710
886 877
855 546
514 714
611 6
79 740
479 350
904 507
787 947
67 298
425 550
294 673
245 189
355 469
619 896
32 912
948 614
680 796
476 359
335 428
429 855
453 81
400 99
348 809
314 745
585 786
678 485
830 672
120 935
88 389
822 752
201 234
789 489
718 385
865 83
743 86
279 409
337 754
1 131
37 709
591 34
54 678
45 186
196 58
181 394
54 904
721 653
392 751
412 894
11 71
927 189
675 44
695 177
310 209
537 19
651 55
840 124
767 515
309 487
437 210
257 372
365 954
930 85
318 193
823 642
477 256
797 483
160 1000
839 353
638 534
893 289
88 745
858 21
347 536
798 753
494 390
848 882
955 950
734 530
359 634
947 733
789 333
114 743
888 814
100 598
216 107
108 457
345 115
226 28
583 56
308 554
40 200
994 25
524 554
37 165
314 538
706 564
988 430
808 92
383 436
510 262
193 536
303 599
827 857
940 728
7 307
300 831
582 173
187 87
44 308
407 618
718 332
547 215
326 638
755 664
257 5
93 690
417 314
488 852
90 936
112 916
924 697
485 137
752 912
673 850
290 211
521 547
261 376
764 815
744 694
72 369
76 297
702 461
124 61
953 57
863 602
498 230
741 186
356 152
308 91
735 412
720 107
725 662
119 107
895 730
824 185
554 494
293 282
994 761
338 885
483 522
801 351
584 601
549 869
973 633
830 194
796 470
49 656
677 373
145 169
365 265
312 747
829 410
298 450
544 22
853 20
816 24
740 891
105 980
244 541
135 670
825 763
815 72
782 899
417 989
967 381
199 791
754 586
974 683
304 617
783 543
370 998
598 467
271 103
715 714
741 838
481 176
343 558
805 981
63 703
871 84
771 874
296 650
745 905
19 608
712 818
340 595
876 637
604 145
128 835
715 953
148 270
901 840
701 614
315 279
10 363
138 292
376 590
567 29
361 624
382 349
954 66
348 341
96 166
261 442
443 459
19 647
362 681
788 461
647 122
263 365
788 444
536 397
268 385
732 273
981 574
517 828
318 97
599 208
180 66
904 286
268 925
416 104
414 679
509 841
242 406
759 415
338 857
237 613
804 910
59 291
716 114
320 355
429 575
731 535
733 671
113 284
496 100
87 864
625 185
493 585
810 285
996 20
943 27
212 23
549 944
314 611
421 269
204 659
527 969
1 619
504 188
814 14
547 433
505 726
182 372
954 405
548 788
576 399
961 731
358 21
180 861
785 405
223 921
667 617
412 791
100 246
270 842
239 355
385 176
321 231
33 742
654 768
96 322
498 362
392 579
444 772
928 885
323 109
626 622
261 303
337 953
154 657
85 683
376 545
450 376
656 563
881 516
973 108
295 64
618 365
986 220
842 917
265 716
739 563
410 368
940 266
11 486
233 446
158 347
459 200
80 3
43 905
685 602
834 948
963 840
75 803
540 710
668 307
815 460
674 924
986 154
454 988
773 88
223 17
726 104
189 250
639 665
386 711
333 930
329 407
990 988
496 384
43 597
818 853
246 369
772 166
352 719
374 464
602 639
491 20
919 38
795 508
168 566
235 875
73 244
678 395
990 137
279 308
83 431
102 377
491 532
129 299
150 195
667 855
210 982
603 853
36 174
348 72
466 255
452 62
386 476
741 624
447 741
358 384
803 21
561 91
486 292
314 157
923 781
882 488
609 672
314 268
498 481
873 251
128 207
215 988
551 934
536 453
167 89
613 249
82 627
177 909
575 189
962 338
359 774
983 328
186 548
907 588
308 503
531 262
24 501
458 311
666 880
631 152
338 801
434 268
364 973
19 346
459 931
83 527
726 999
142 148
61 107
853 941
631 958
800 212
402 464
740 534
321 672
786 362
400 49
666 308
4 435
210 664
531 525
212 190
805 175
580 737
136 986
433 8
842 164
810 646
228 731
841 100
510 153
81 943
577 546
874 228
571 204
419 171
441 487
776 872
432 46
784 275
253 90
799 594
63 969
780 807
855 381
547 52
759 558
932 958
971 864
698 168
458 949
404 51
189 803
600 650
394 201
471 485
254 975
537 159
667 1
626 777
367 805
425 979
65 543
691 895
29 124
693 149
321 471
609 942
481 847
540 618
621 659
934 304
574 795
547 705
616 45
959 199
303 355
360 875
269 399
131 434
811 468
596 678
680 916
88 885
836 383
902 572
635 121
213 195
114 520
616 346
728 308
50 352
984 739
203 322
169 438
549 923
531 384
754 587
22 885
888 553
814 273
948 607
723 829
680 981
204 767
995 732
377 149
505 328
127 961
292 106
719 269
334 293
210 783
763 716
675 683
306 314
733 481
715 602
330 356
949 697
783 941
261 647
813 474
851 219
564 992
376 185
950 658
438 33
424 771
873 256
121 619
429 354
654 805
306 751
179 530
849 287
78 123
633 384
742 34
949 972
551 520
309 429
183 388
976 934
613 351
376 518
195 74
162 129
423 106
467 970
159 572
931 431
258 799
647 283
847 70
600 900
584 265
986 101
345 283
293 731
316 684
613 898
760 586
251 65
402 965
275 177
765 588
316 515
216 407
342 235
90 368
359 556
394 688
933 877
256 689
277 777
114 733
341 111
536 854
925 729
911 794
182 926
773 805
89 868
373 993
322 545
506 194
35 680
308 636
274 700
442 682
832 382
944 792
635 355
763 278
451 824
178 160
164 147
224 494
791 982
829 159
841 369
970 87
143 979
258 123
433 199
126 340
862 360
224 204
102 301
853 619
508 524
58 335
354 996
569 825
822 645
951 35
534 9
849 601
371 173
962 792
120 107
232 613
825 528
879 717
37 688
498 624
831 558
381 205
54 93
914 978
384 73
794 652
961 858
923 800
357 36
180 739
664 176
348 425
133 723
138 59
836 406
437 109
109 843
920 73
189 732
650 94
744 269
545 364
512 403
324 721
491 659
189 589
73 800
350 992
441 836
445 788
686 850
367 563
208 856
449 66
485 644
786 835
194 799
521 54
460 326
248 836
30 212
53 497
40 944
293 418
518 677
479 459
942 561
743 554
50 345
527 153
568 325
890 234
627 901
424 446
828 964
468 47
506 230
571 886
734 454
602 678
226 233
870 646
616 545
320 110
66 542
305 766
108 133
507 534
829 34
567 531
399 909
296 918
903 621
10 748
603 807
250 453
508 673
988 379
880 852
681 261
115 961
387 654
942 92
748 347
960 404
885 158
159 35
331 411
336 528
335 994
764 688
237 720
703 567
427 888
764 551
925 239
243 240
558 377
124 309
654 908
896 176
148 37
441 21
523 115
245 819
267 945
363 932
495 319
741 51
986 426
971 562
788 228
55 935
461 460
414 962
734 983
327 295
781 981
910 290
488 325
307 779
15 122
901 101
886 941
722 706
136 161
781 527
911 956
881 99
403 653
26 720
283 163
381 445
514 829
471 874
123 906
476 551
701 186
852 826
303 898
321 533
951 566
623 725
798 920
889 315
76 170
50 95
165 894
39 789
667 20
461 522
856 219
614 566
197 62
605 337
453 196
908 56
913 662
291 6
383 660
990 388
594 853
651 486
927 125
571 207
149 29
442 9
103 362
340 936
55 455
348 371
793 234
118 419
745 225
48 31
90 950
238 358
20 925
51 148
756 487
205 423
797 675
390 251
319 163
266 61
323 36
785 783
271 780
556 78
760 849
281 600
410 892
837 563
217 602
72 371
915 793
60 928
637 514
320 861
447 220
584 494
218 52
881 348
888 414
664 549
484 855
363 686
197 161
199 316
754 53
848 50
635 794
337 563
411 852
217 997
569 120
661 584
373 746
688 538
122 810
892 282
216 299
545 207
865 642
902 573
338 770
528 862
981 92
30 904
839 402
587 509
699 309
27 130
834 124
952 829
572 510
40 791
795 153
800 241
151 981
59 386
244 910
239 300
154 849
714 170
752 105
404 702
244 829
540 354
616 648
143 266
365 843
629 398
740 873
27 270
62 885
738 278
656 13
295 538
101 455
428 121
183 222
50 903
842 443
951 79
387 996
168 56
358 712
813 103
992 464
341 650
134 73
119 517
161 237
916 107
828 847
613 175
742 781
925 227
658 26
38 900
21 698
665 591
117 774
958 196
686 823
925 5
468 592
289 770
132 739
579 158
1000 489
363 539
976 370
248 809
268 622
89 63
795 839
835 582
639 628
531 193
238 523
131 335
648 99
905 404
600 287
302 292
930 801
832 383
155 194
874 726
891 732
585 537
400 235
607 136
478 308
482 811
46 152
156 552
784 769
681 415
610 47
314 720
282 114
410 175
1000 835
361 731
966 424
749 568
75 521
248 195
266 558
639 25
16 185
791 292
81 613
137 859
559 312
214 859
736 199
149 996
372 147
194 655
176 910
840 357
91 317
914 832
827 97
8 855
854 660
832 729
923 690
853 829
953 443
370 351
522 416
505 784
419 576
295 237
263 510
465 130
68 825
587 795
424 837
940 373
372 599
981 623
906 40
521 393
967 989
424 611
927 626
869 267
526 996
473 474
860 706
256 624
259 691
869 668
542 370
266 248
517 48
131 397
37 274
870 969
838 628
950 870
431 55
326 427
53 609
420 804
227 306
433 452
856 418
182 746
44 783
597 981
544 207
193 279
670 771
784 734
495 949
644 890
311 104
939 814
390 950
908 823
184 701
670 245
926 919
712 543
968 283
491 820
737 956
700 32
370 703
358 164
282 401
148 482
828 348
810 819
23 930
375 741
282 360
432 437
710 792
895 276
861 388
537 502
242 596
511 475
452 79
736 82
537 103
314 40
903 48
337 249
500 851
51 951
345 662
662 313
522 324
278 566
880 536
466 72
155 770
929 319
379 352
759 541
544 978
781 987
273 588
509 622
898 869
649 313
427 199
229 895
677 747
768 153
656 125
165 455
422 510
812 690
281 782
484 771
13 531
604 524
826 626
830 90
959 818
427 485
85 129
425 175
144 733
473 167
700 930
187 849
95 56
223 119
112 629
995 119
14 417
752 352
455 305
60 295
443 681
575 704
909 396
89 273
640 911
643 352
94 2
683 611
669 524
156 737
808 176
771 452
602 91
973 918
23 115
265 815
253 532
437 977
334 719
488 158
898 112
383 262
150 237
390 700
836 900
837 109
269 753
201 139
3 631
478 697
120 53
317 741
780 195
999 457
162 294
951 106
936 961
810 934
997 760
304 27
512 528
50 627
569 993
111 878
516 852
77 266
868 619
206 86
867 952
318 524
854 962
983 810
487 923
850 925
482 113
798 133
567 472
737 501
264 727
137 303
375 843
525 964
285 127
893 138
822 142
81 506
816 188
360 79
70 776
920 160
272 901
203 939
764 578
740 146
647 326
98 250
929 37
837 852
622 154
697 65
551 170
990 606
243 523
119 100
862 898
434 460
566 429
414 590
878 499
700 983
204 166
976 407
155 298
748 939
453 759
826 761
701 507
578 102
514 357
358 509
854 219
536 526
78 917
652 688
178 811
855 743
969 524
127 284
685 982
442 660
23 433
300 730
174 839
106 537
164 377
899 230
625 979
299 838
448 156
842 726
236 283
838 358
114 891
689 927
376 366
302 90
680 102
537 739
615 878
652 244
70 289
438 773
75 765
476 419
943 580
491 909
131 716
957 616
124 522
676 976
144 321
817 110
709 168
395 464
34 368
56 680
533 154
419 470
573 681
615 306
291 939
140 976
356 821
159 280
698 74
495 400
454 142
65 735
651 112
565 666
310 783
646 949
198 80
172 804
888 621
843 601
937 684
574 731
613 63
355 771
896 845
12 780
513 785
825 39
952 335
542 388
817 699
450 932
588 322
972 993
298 240
562 869
691 635
51 472
462 531
74 603
169 869
152 597
173 789
491 382
454 774
971 168
240 190
30 997
344 108
750 486
844 265
347 867
114 554
117 377
247 970
69 486
592 449
593 920
101 981
700 97
984 43
412 556
752 7
182 702
844 751
391 269
18 448
960 868
965 845
785 223
112 309
766 733
261 950
98 376
286 539
509 434
684 635
787 742
723 228
232 841
801 902
549 352
7 372
192 411
376 104
803 237
591 74
867 786
689 246
798 400
378 15
842 476
864 124
831 552
68 4
237 635
898 461
497 982
560 244
194 942
98 702
367 121
483 404
447 49
731 234
676 569
764 850
251 769
547 812
414 853
20 180
783 61
52 197
646 179
595 68
351 472
399 459
119 44
714 683
863 445
714 305
958 451
338 824
623 345
48 923
912 759
144 513
660 585
522 598
190 824
222 105
316 246
946 285
402 595
886 3
524 514
890 78
792 554
848 726
691 128
710 236
178 469
552 218
715 262
961 922
620 249
912 194
917 703
700 33
146 808
244 229
80 334
915 257
789 501
519 684
772 414
799 204
620 927
453 256
182 198
738 590
499 126
789 575
769 154
957 769
105 100
489 5
660 356
387 844
710 586
15 640
417 145
632 258
134 22
427 24
33 481
731 246
533 436
241 326
427 169
911 363
678 546
536 119
540 519
480 861
621 244
428 533
30 353
566 343
324 582
915 221
350 962
96 685
265 432
553 549
716 471
455 125
755 395
337 614
178 546
530 271
604 700
678 927
540 852
668 129
999 721
835 624
825 426
238 379
65 493
691 337
394 985
624 860
37 79
554 187
611 38
683 981
145 15
726 853
965 739
394 936
749 332
472 392
516 243
916 821
892 585
127 263
207 288
580 974
190 566
909 28
553 784
967 298
438 540
175 311
947 262
896 820
474 800
535 23
741 814
10 654
410 228
514 238
475 438
516 416
535 132
439 634
581 198
654 562
300 650
505 636
589 588
20 697
729 781
141 647
552 754
400 527
522 406
137 588
584 163
58 214
59 883
775 89
335 742
360 402
507 325
471 486
998 509
640 147
556 991
850 700
581 572
507 419
437 468
555 145
276 982
649 340
133 971
155 527
262 737
964 475
731 496
181 991
989 952
385 810
363 561
476 880
997 494
341 10
948 230
273 986
311 678
921 918
521 76
650 838
91 222
178 857
717 624
616 349
352 539
577 8
226 60
567 695
900 310
102 474
781 245
585 972
568 766
911 598
880 176
169 341
779 540
283 717
891 528
801 776
490 411
737 906
311 155
594 533
81 750
580 704
541 838
869 494
700 233
357 986
432 495
712 605
110 642
20 750
367 273
137 910
559 663
873 372
286 361
568 826
607 763
370 422
944 409
208 4
439 906
391 807
506 841
215 163
471 21
315 521
523 44
581 766
141 909
79 27
774 127
315 614
449 680
160 933
694 934
553 818
474 13
494 200
502 599
48 746
267 584
377 943
855 838
267 729
531 884
223 168
669 30
318 244
108 728
398 44
809 651
186 842
963 654
969 973
861 679
753 102
511 882
670 430
726 947
491 270
74 314
94 185
563 338
196 873
801 601
736 814
364 167
351 955
422 178
984 44
145 430
266 714
247 747
840 683
197 466
842 25
649 639
615 828
71 590
3 310
900 584
855 584
379 941
358 199
594 904
997 605
211 424
672 918
14 837
953 735
127 708
607 590
756 148
408 164
11 961
654 661
15 905
492 938
771 987
186 89
133 574
81 773
478 769
361 21
127 570
461 114
195 958
300 432
841 748
496 74
242 867
466 811
104 832
357 434
394 140
158 189
569 762
915 994
140 433
817 452
802 112
949 207
989 734
612 271
904 448
229 857
450 22
18 306
65 885
104 141
694 164
198 555
364 711
507 586
248 984
834 35
564 200
882 791
352 886
630 601
297 963
687 642
890 506
119 584
711 248
397 368
515 533
703 404
356 513
904 944
847 633
482 235
834 372
804 652
292 376
429 961
378 795
107 171
549 80
532 866
420 4
173 316
533 684
92 652
187 352
887 543
68 421
106 880
219 563
550 725
554 536
468 494
931 974
311 112
745 488
763 883
802 609
830 925
888 32
854 821
36 392
475 248
556 327
171 739
137 599
444 693
581 916
345 660
364 282
971 888
760 884
851 498
240 776
548 434
15 265
932 593
691 818
348 392
332 773
752 121
43 186
307 705
793 478
176 488
702 421
74 784
940 490
890 717
75 331
937 628
228 443
1000 404
873 938
860 672
844 29
581 426
204 188
213 442
773 952
782 723
104 391
109 138
56 362
717 587
187 960
131 984
770 200
14 423
74 370
313 750
633 737
616 497
814 731
503 551
714 802
684 933
183 677
277 544
782 859
214 923
252 852
456 669
921 501
114 853
633 963
746 610
317 536
93 201
546 834
187 396
913 762
405 430
278 916
941 172
749 795
927 489
250 599
552 469
353 838
745 452
125 314
847 183
103 984
270 774
664 973
148 230
422 973
349 547
962 718
391 962
909 641
699 213
917 150
646 828
439 982
13 699
882 264
34 730
276 241
522 201
155 992
634 885
267 990
931 439
920 900
63 56
764 155
376 716
621 766
952 277
152 349
835 160
708 946
892 55
56 185
899 671
592 53
568 212
435 113
40 621
905 131
337 577
598 687
431 395
90 267
787 163
844 400
256 681
843 72
345 96
298 463
762 872
69 512
342 540
736 771
129 457
633 765
209 937
361 962
464 669
567 694
520 284
531 388
456 554
827 557
439 291
226 172
174 948
191 894
514 465
986 658
308 954
917 532
573 114
245 481
619 220
302 88
304 999
492 945
185 703
93 94
651 438
136 841
768 586
415 249
609 32
718 450
314 908
599 581
323 854
15 948
783 990
1 55
880 637
6 857
903 229
447 313
710 753
270 738
676 801
756 31
456 196
384 97
59 801
261 421
390 75
506 854
128 102
591 263
246 796
747 525
90 824
20 35
955 472
389 402
372 638
229 211
860 475
76 330
171 102
890 658
617 186
242 792
450 51
823 630
920 783
267 728
632 648
282 667
686 933
835 301
30 713
235 585
472 773
921 960
170 436
190 947
709 865
543 885
596 565
156 918
450 759
934 141
347 869
791 780
26 390
434 163
239 980
995 798
814 454
905 490
619 922
675 924
931 614
159 467
680 806
370 948
409 336
456 512
487 59
549 12
255 47
2 193
754 561
248 343
585 21
504 193
451 602
914 522
704 90
373 289
340 670
490 15
951 398
457 862
19 597
796 665
324 138
438 150
439 511
176 897
983 910
305 749
721 667
3 612
466 822
894 398
987 376
626 536
197 249
799 580
102 877
510 518
132 650
998 299
821 354
845 92
646 919
495 295
243 310
224 629
798 82
953 261
507 509
366 48
213 323
323 287
329 862
56 130
129 586
95 803
497 16
261 93
838 841
674 806
712 461
750 5
904 319
409 146
707 306
981 831
963 732
414 644
863 447
887 37
501 410
139 939
74 716
915 270
347 720
41 413
758 306
464 532
913 209
752 327
865 568
916 940
867 150
812 781
960 772
51 69
325 878
596 303
343 798
588 699
771 493
535 412
166 481
259 129
577 398
279 194
329 69
184 832
538 275
387 357
927 359
275 772
596 124
980 275
395 175
603 384
14 951
932 414
220 152
509 182
555 858
168 626
331 703
941 105
963 837
304 114
638 205
361 103
414 507
793 18
802 832
50 733
125 119
58 48
578 955
633 444
872 644
55 669
702 584
722 378
264 574
923 945
780 542
747 725
508 71
971 601
897 286
591 620
421 999
190 271
273 577
401 532
100 24
137 18
263 598
432 722
761 94
311 958
739 817
95 775
886 566
687 579
462 978
303 330
341 131
703 213
438 177
303 315
765 636
89 203
697 260
290 946
425 201
463 513
511 821
645 253
23 313
196 787
359 705
865 580
969 130
501 144
374 390
965 737
162 782
227 672
567 706
749 731
143 998
257 595
934 951
22 221
212 187
982 931
642 294
771 86
205 910
254 421
92 256
153 188
131 600
685 33
235 264
116 61
614 276
524 100
357 821
896 451
326 624
555 838
756 205
477 508
650 734
780 845
933 802
31 453
604 393
953 391
183 270
243 35
797 526
135 427
410 678
747 403
486 453
277 846
82 302
727 290
730 706
323 40
419 541
439 582
688 210
712 216
362 593
699 946
760 708
464 1
319 909
983 506
252 96
6 247
578 236
798 821
69 971
674 255
677 652
824 208
421 452
555 32
777 254
9 68
53 579
819 234
330 648
593 262
367 631
887 124
161 754
739 124
522 669
155 476
856 383
359 660
262 334
821 911
240 228
204 903
248 751
914 242
863 149
757 946
728 168
219 7
472 358
804 217
457 502
957 417
373 42
211 195
545 551
804 672
986 659
919 101
832 53
732 534
715 704
580 706
69 67
771 195
943 577
784 86
434 595
760 181
392 847
374 985
141 600
918 880
25 199
137 541
444 655
36 892
751 494
606 551
441 375
314 239
857 794
79 429
797 530
343 104
217 521
604 687
396 840
160 935
638 886
988 641
337 881
449 351
176 433
158 353
752 656
794 915
936 108
26 963
579 245
997 302
891 295
765 706
569 47
164 885
312 960
163 371
905 45
48 970
416 110
290 907
169 874
208 768
136 125
619 750
375 364
531 84
606 504
325 101
866 349
783 298
520 82
833 61
251 384
658 64
816 674
606 282
293 235
352 569
60 234
463 799
601 442
177 147
93 366
629 332
520 176
848 749
203 850
602 916
926 812
636 644
415 297
553 72
221 458
277 456
689 952
83 409
945 278
302 117
362 160
880 813
2 113
19 853
904 537
560 683
437 384
590 635
865 72
831 887
353 796
245 742
207 865
547 260
768 599
404 803
576 308
188 586
462 25
390 266
673 750
391 103
819 600
917 491
422 955
760 64
462 392
784 336
141 717
590 900
855 288
141 862
129 830
483 409
528 479
232 151
868 937
33 474
382 949
659 634
271 832
354 662
772 363
357 257
506 589
531 692
623 26
898 669
431 767
553 957
346 933
578 390
954 676
451 391
632 566
476 907
256 628
764 631
61 767
282 764
104 286
268 959
109 19
237 478
402 181
95 960
316 915
78 822
269 291
236 154
610 907
960 742
338 710
947 992
587 441
715 76
791 787
30 855
969 713
810 507
848 570
795 69
444 45
505 41
970 229
278 172
412 930
732 559
456 754
456 788
463 17
121 234
70 221
214 776
791 324
430 932
750 793
770 449
898 138
756 234
82 41
300 112
907 216
690 296
635 2
770 368
257 419
828 702
99 822
345 666
989 493
849 346
742 239
458 180
124 306
944 424
716 526
916 184
384 985
572 554
335 700
713 580
207 531
988 730
759 161
890 856
392 323
105 276
488 428
347 371
997 277
802 261
61 658
545 719
290 576
43 817
152 609
706 216
86 190
235 528
467 683
274 76
352 788
935 641
905 246
299 547
818 529
584 947
968 104
18 73
408 917
669 742
286 922
969 532
951 924
909 392
268 272
452 565
514 600
622 681
532 657
662 704
277 558
938 680
784 830
948 577
205 828
994 131
387 307
390 918
122 326
573 221
166 669
828 905
889 24
743 141
766 758
567 995
658 573
897 659
741 956
465 753
852 157
552 471
789 278
295 621
150 336
958 973
474 752
970 733
477 507
741 670
903 131
997 740
909 558
589 474
903 16
599 641
66 627
358 305
567 423
842 610
368 817
322 745
300 378
30 23
608 171
220 673
993 615
940 170
634 883
584 388
218 822
717 88
310 982
208 104
851 750
531 672
214 178
713 517
721 31
708 198
29 231
982 183
252 464
532 130
184 112
868 58
284 475
91 963
899 558
421 222
683 135
406 610
152 637
246 365
377 754
308 320
995 6
264 230
374 193
639 607
329 253
370 807
290 838
166 253
897 638
209 798
122 9
801 434
308 614
779 819
544 156
198 61
201 879
79 842
481 495
840 861
268 395
415 308
507 703
418 490
184 650
559 461
729 434
269 815
739 914
974 588
210 777
378 563
510 44
93 92
130 198
794 97
687 478
77 456
280 790
585 13
664 956
573 564
779 680
619 282
395 468
418 47
864 195
632 95
962 720
848 827
727 336
33 332
940 968
219 57
935 782
422 638
7 284
869 175
379 447
162 682
16 685
368 940
703 808
669 328
542 238
121 824
492 517
555 353
206 707
177 975
716 308
73 782
437 309
568 958
939 95
613 908
595 657
708 912
216 494
881 460
11 312
916 709
189 261
248 959
112 586
483 56
800 854
142 901
678 843
611 308
977 962
364 868
674 994
291 730
772 427
866 346
616 301
565 380
808 479
476 629
352 587
8 135
230 940
361 787
786 394
916 889
744 512
908 953
35 575
442 551
776 283
156 120
154 403
827 72
965 986
991 522
291 707
575 843
704 203
797 802
176 403
653 318
505 584
859 617
573 487
187 148
850 172
724 885
873 341
67 682
694 325
200 9
58 427
338 730
798 295
516 895
361 26
470 916
162 477
492 820
128 213
607 873
63 783
564 736
765 161
875 545
346 273
608 228
475 959
385 427
63 156
634 824
711 800
987 24
113 651
593 129
974 262
816 928
601 654
873 145
105 319
877 713
843 633
361 244
583 635
214 250
21 397
772 730
479 705
947 596
103 962
346 853
320 440
941 300
14 172
87 590
894 810
860 846
40 551
402 178
283 221
69 676
646 889
787 221
790 652
900 68
419 443
905 298
119 597
486 599
714 954
606 356
394 321
862 242
330 931
169 103
98 71
389 618
179 186
398 984
863 236
442 584
106 320
212 50
516 74
74 63
40 99
629 303
921 542
944 905
317 905
505 409
553 171
112 341
331 565
244 882
455 713
641 816
94 27
535 124
68 235
723 132
192 332
799 315
621 937
721 888
638 793
745 493
799 200
913 14
770 478
775 851
427 737
543 183
898 314
257 418
741 714
499 243
765 212
747 425
768 850
366 769
348 276
81 247
834 559
561 173
300 407
530 820
228 241
475 778
963 126
158 156
108 863
141 978
570 196
627 13
798 105
264 655
467 904
910 522
858 251
642 712
831 185
902 158
599 32
233 639
142 803
881 315
937 633
169 903
99 322
884 451
469 238
109 101
863 268
699 743
994 749
924 128
692 100
270 54
19 242
174 594
670 567
514 823
397 401
535 623
826 849
810 186
84 315
115 550
706 362
924 469
840 776
412 737
141 29
198 214
130 302
500 244
763 468
106 945
397 196
573 107
5 911
999 242
452 724
490 419
576 32
653 100
748 294
921 276
978 287
118 554
358 69
664 562
639 71
166 892
872 949
103 275
901 860
727 713
261 573
928 137
172 392
245 590
836 167
965 325
824 807
715 866
384 152
42 940
996 557
334 140
998 151
766 179
859 895
987 162
534 277
742 136
245 864
12 519
159 432
863 940
384 934
744 316
747 900
997 309
937 699
938 388
385 524
670 87
622 300
904 411
156 376
393 154
527 283
285 156
629 194
475 562
325 379
800 843
319 877
939 310
714 641
806 364
55 6
342 817
91 627
97 754
521 112
852 902
47 228
674 590
461 663
146 247
476 658
520 440
630 311
907 145
313 783
118 74
853 397
657 146
342 642
805 106
69 720
37 240
790 406
135 551
179 867
259 219
282 24
913 842
291 436
330 300
993 484
685 486
743 885
357 629
448 959
741 991
969 220
453 307
223 941
29 612
780 156
908 425
177 433
196 491
37 645
558 473
11 54
874 82
31 443
197 975
381 34
607 884
707 910
135 393
926 428
645 249
110 339
662 506
722 177
940 248
746 315
731 133
417 93
612 640
629 750
466 514
837 529
678 543
185 90
21 708
974 10
727 38
588 984
470 53
940 110
954 654
285 762
119 214
636 508
565 40
693 99
363 640
57 769
403 493
761 789
651 563
428 872
812 784
705 814
248 815
728 505
830 230
887 499
490 551
389 629
856 460
244 508
255 458
40 249
682 328
886 56
264 481
528 606
981 348
433 286
822 848
752 60
313 916
316 461
745 837
89 765
328 387
93 157
403 565
500 129
31 859
861 152
2 79
437 42
684 631
815 926
923 509
103 117
692 694
606 852
75 668
187 38
813 422
851 15
288 931
418 878
326 559
609 65
650 517
667 609
93 833
647 176
7 17
868 552
225 570
244 322
707 874
306 797
181 351
183 481
993 573
426 342
980 813
354 686
34 115
384 878
828 873
742 803
195 444
823 550
437 487
811 230
939 45
411 756
530 514
897 465
574 843
246 648
440 406
785 198
565 12
954 533
42 75
354 361
119 43
545 48
817 811
346 709
584 488
94 383
170 407
445 15
565 302
217 80
680 600
891 439
938 912
957 148
364 624
792 757
334 936
481 308
78 982
813 489
550 412
790 495
761 365
134 951
191 802
430 494
79 781
444 158
523 327
340 479
197 434
205 933
850 476
504 224
292 169
790 184
98 648
960 211
361 330
328 157
605 169
386 293
760 128
962 964
650 991
31 93
179 742
117 471
755 647
556 428
963 434
120 936
990 509
675 70
767 980
349 588
977 419
512 296
309 494
348 388
209 74
313 661
471 334
953 187
312 301
112 572
824 971
716 750
688 279
625 644
935 221
192 545
325 711
65 252
711 442
990 396
161 302
749 869
218 492
367 717
777 417
687 674
545 845
273 898
477 738
450 570
403 624
460 583
468 74
648 432
134 915
374 308
231 149
178 99
515 928
867 405
140 171
74 163
653 548
69 108
72 960
325 498
165 601
945 173
362 9
571 343
499 432
126 113
77 435
847 179
499 33
764 723
980 528
710 649
951 145
354 907
56 659
997 883
29 673
451 83
716 161
312 491
419 433
261 478
816 11
160 559
432 772
15 739
886 719
648 724
228 150
779 238
239 671
402 823
720 326
39 174
224 533
595 518
797 478
636 362
802 436
380 168
170 186
668 429
963 891
468 571
17 549
203 830
241 71
95 868
288 16
26 652
62 198
561 741
215 572
346 701
165 199
847 799
740 333
943 296
5 703
647 768
412 343
35 692
970 345
623 641
681 138
455 275
294 663
308 535
573 29
154 445
762 86
66 989
66 577
92 705
574 441
398 691
537 741
656 245
106 180
947 406
987 709
608 670
58 691
944 817
120 1000
34 296
839 749
662 46
741 559
410 487
512 579
766 498
399 529
738 627
837 365
521 868
963 283
871 898
820 688
432 849
529 709
897 185
609 375
607 900
807 312
918 593
124 372
252 161
90 772
612 408
407 304
6 14
544 929
321 504
711 719
18 440
168 905
902 212
741 116
470 74
532 49
971 499
536 180
849 101
124 201
142 792
226 262
27 424
155 671
392 123
781 767
708 545
89 151
803 847
858 554
668 343
504 156
100 817
874 940
543 881
182 999
648 155
868 318
501 709
27 830
71 1
570 672
972 332
633 556
784 602
127 318
655 782
259 24
757 812
191 528
106 615
966 129
400 226
572 264
349 129
204 644
18 449
600 65
139 591
247 742
286 754
303 816
348 863
442 404
338 293
266 582
710 21
770 214
410 240
400 738
429 11
55 241
19 967
386 350
470 712
822 669
126 62
589 702
664 619
775 873
154 853
176 901
965 139
578 800
153 411
144 664
751 271
55 260
383 907
521 640
153 260
872 684
621 783
642 960
113 568
393 870
214 286
822 217
972 718
989 680
422 747
25 627
137 361
564 286
33 72
379 870
460 9
834 794
584 301
984 116
994 596
995 277
389 148
318 10
502 807
673 9
693 70
659 202
717 832
901 9
868 252
890 404
838 988
786 187
347 679
49 813
432 136
344 479
877 11
606 475
753 5
844 468
293 426
813 803
423 731
778 550
433 393
434 240
476 603
574 948
773 865
791 406
620 322
89 318
142 304
226 225
743 388
94 339
369 751
188 37
944 907
357 682
378 663
72 598
969 296
642 350
550 383
623 927
224 369
240 137
207 104
358 204
487 424
76 917
130 29
406 182
300 845
567 777
145 568
115 886
637 709
839 693
823 208
625 873
883 381
538 928
337 353
500 811
746 975
49 181
177 504
766 10
803 28
823 65
954 144
2 741
99 827
961 66
854 953
675 214
548 296
785 650
256 120
186 489
6 180
211 649
196 194
940 193
559 793
177 555
16 759
399 156
954 869
539 945
849 121
570 448
462 564
925 164
380 133
374 742
657 735
764 756
417 317
77 820
762 524
707 389
454 218
124 241
40 630
592 67
21 989
575 410
136 169
815 491
929 892
482 422
46 565
485 817
307 49
398 152
386 672
316 801
355 285
212 370
657 795
485 898
714 988
382 550
331 356
518 520
922 641
633 640
990 48
274 527
539 57
856 163
892 801
328 476
715 728
454 268
685 639
633 951
615 835
743 142
858 980
469 833
609 174
934 661
115 933
520 937
741 953
837 86
324 191
931 913
969 38
606 813
76 776
899 335
232 534
548 110
969 183
607 653
745 344
528 242
695 126
5 592
721 743
168 737
390 998
458 954
737 413
21 460
780 943
285 455
802 211
987 213
341 994
591 479
405 990
483 466
135 325
586 409
506 529
551 893
538 632
928 616
66 329
431 707
553 873
570 841
674 68
989 769
114 125
316 641
358 880
274 141
238 170
574 768
333 686
914 493
458 449
791 513
756 978
118 319
527 59
19 272
38 92
887 489
171 808
726 937
104 488
527 168
51 227
398 884
146 245
784 940
368 45
313 668
957 219
433 615
90 85
23 462
62 432
209 940
50 488
801 79
307 299
143 887
740 563
444 208
361 598
306 209
142 411
24 930
620 168
88 297
54 514
805 842
532 947
974 595
615 871
27 710
67 917
231 926
608 671
633 60
119 985
200 513
488 525
783 948
823 235
201 168
220 92
646 608
442 66
794 415
859 703
642 219
71 791
185 924
547 703
331 938
337 169
711 469
997 918
512 181
172 517
147 457
97 832
132 659
795 11
524 505
194 77
876 932
935 305
591 435
495 270
797 304
855 126
587 964
848 488
171 93
742 916
284 276
530 540
473 341
338 935
725 719
707 460
854 429
855 860
967 902
962 109
61 727
564 242
674 910
237 502
347 602
111 693
481 588
887 92
744 982
892 310
198 483
130 579
799 895
545 884
394 776
880 568
184 476
334 850
388 302
493 885
528 961
568 322
886 62
944 785
175 151
456 85
628 993
40 138
944 992
139 590
321 615
16 403
757 180
923 334
357 518
322 843
783 746
145 913
952 686
183 910
965 369
785 498
770 70
898 51
643 619
432 385
604 303
676 108
491 758
76 848
721 525
719 14
405 82
776 858
46 348
501 288
150 398
358 365
666 747
497 975
319 146
945 807
341 694
615 241
567 488
992 262
868 697
461 253
119 481
64 873
667 340
983 88
87 7
287 577
238 401
169 654
422 744
258 841
66 286
927 625
588 447
128 357
756 709
46 761
140 492
808 866
935 59
498 722
333 741
246 654
941 998
891 199
863 93
240 499
188 459
453 537
472 230
695 776
260 23
905 222
528 783
651 63
144 632
571 931
273 932
476 677
458 360
387 172
578 169
834 223
796 135
964 976
283 508
946 276
458 36
964 989
640 955
904 864
346 229
340 106
507 651
917 998
844 522
593 782
836 650
62 418
299 796
331 566
995 543
49 377
828 485
257 343
865 104
760 130
851 45
465 282
448 616
965 221
144 369
788 570
55 69
665 177
4 508
723 340
64 45
876 111
504 303
654 891
931 210
241 652
148 200
922 435
690 695
30 172
33 664
585 347
147 400
673 841
208 354
309 492
863 949
534 767
521 524
461 225
617 91
376 583
888 613
831 143
794 907
190 304
686 661
878 253
719 484
973 151
521 494
544 601
393 99
569 506
293 666
864 714
204 43
886 523
902 812
941 970
213 467
506 335
622 113
393 532
521 200
52 966
714 586
791 706
95 177
616 360
174 704
394 960
89 488
97 949
60 319
795 180
689 649
83 646
874 647
464 368
469 509
352 741
328 486
869 892
116 352
416 598
184 754
294 587
353 13
409 275
275 809
211 155
853 712
126 266
585 827
419 119
466 70
927 471
16 249
145 883
475 316
718 488
222 539
371 255
31 51
141 559
914 881
96 38
477 503
426 635
427 718
465 407
211 727
712 912
58 110
483 759
86 560
784 412
452 314
471 14
536 269
628 179
106 128
243 215
635 745
621 982
700 245
796 683
576 395
67 18
971 632
897 381
954 774
369 302
669 273
228 103
945 585
413 467
87 188
185 428
7 543
375 97
213 262
267 690
627 264
511 433
7 684
691 615
602 86
937 491
406 614
544 323
513 600
575 270
462 46
616 309
691 261
269 359
981 717
739 49
351 831
265 512
904 151
933 81
862 201
648 479
216 298
781 157
162 815
161 832
164 353
628 910
994 48
135 544
671 626
433 320
69 717
239 668
240 854
520 872
395 118
117 48
583 311
272 81
370 262
22 109
867 512
615 870
616 768
727 808
519 821
359 164
609 201
865 39
666 48
529 623
63 672
870 816
379 887
215 485
197 170
789 310
258 318
254 404
301 252
222 646
798 463
581 965
233 111
487 550
625 897
223 844
43 474
12 599
860 179
239 54
205 66
342 293
792 694
99 592
544 931
160 956
640 118
364 564
863 530
938 359
594 261
700 720
426 147
869 397
462 621
265 23
159 695
843 558
695 513
772 738
935 22
422 431
872 14
488 375
38 159
384 594
39 434
302 736
378 330
756 823
351 125
501 384
201 476
446 658
104 453
535 656
661 853
80 606
887 381
65 430
528 962
126 529
241 628
255 503
170 611
562 673
269 109
311 470
421 306
369 705
83 157
279 180
620 126
2 405
650 863
762 219
372 602
478 210
88 262
988 361
491 835
187 458
739 478
101 512
785 497
625 754
611 547
634 640
836 964
658 656
898 163
993 231
586 894
219 891
880 671
58 439
797 576
210 154
708 429
132 737
354 945
490 622
427 935
485 101
965 427
234 423
660 319
55 695
78 204
29 792
587 786
180 356
846 209
669 296
546 21
68 689
52 350
90 137
971 512
848 469
830 325
337 848
873 806
197 476
824 286
53 180
811 104
489 958
844 240
720 46
703 191
762 601
393 288
711 352
640 751
592 232
908 740
770 709
643 593
91 700
5 356
333 855
84 291
620 301
857 101
749 463
255 282
57 621
278 327
356 671
494 773
113 805
761 370
763 460
400 192
993 327
773 513
852 14
999 873
608 634
952 732
899 439
244 894
581 345
139 506
801 969
161 972
24 522
36 209
130 893
476 8
719 124
656 78
819 522
569 867
698 953
813 24
979 848
963 439
747 284
811 635
618 3
506 793
451 120
566 483
137 99
272 613
543 465
177 728
163 925
519 104
297 525
389 323
889 669
621 898
180 376
287 548
792 348
314 386
333 422
707 105
670 127
117 897
677 769
933 663
863 618
537 340
686 773
803 207
161 398
784 654
411 834
963 785
823 944
76 110
114 313
338 901
105 714
470 338
511 674
207 613
504 724
526 235
985 11
821 949
91 664
238 601
133 403
62 267
505 238
123 299
985 180
329 440
330 963
671 972
924 465
446 439
619 376
477 897
4 279
689 537
155 133
853 358
545 541
284 903
847 376
597 865
835 948
535 47
280 609
627 554
758 847
637 630
803 220
480 471
227 866
783 963
241 734
239 319
556 403
187 208
25 237
617 651
634 555
375 655
375 304
491 710
24 435
888 178
120 284
512 664
501 260
56 516
635 744
957 187
733 967
826 219
177 300
788 19
467 936
12 865
52 278
695 572
44 63
669 129
587 568
934 303
167 340
237 16
900 250
494 385
9 991
156 26
592 949
289 447
189 222
743 667
690 610
319 591
36 631
165 85
312 617
324 292
92 958
827 448
879 429
182 683
383 126
689 517
822 874
306 207
771 43
919 99
583 310
588 584
827 768
311 147
406 141
935 355
512 824
31 240
417 676
272 225
510 81
438 786
576 447
743 61
357 962
784 76
414 283
14 881
561 446
706 407
638 188
18 227
664 897
131 124
774 442
426 604
558 477
686 278
465 498
121 624
72 44
548 882
36 463
129 187
998 183
432 852
489 389
253 484
93 539
498 461
651 107
210 473
752 936
734 49
56 911
315 638
252 19
823 734
302 946
609 598
630 824
333 366
599 119
254 178
109 263
113 972
992 981
117 780
43 921
831 64
411 669
718 573
769 567
623 38
100 173
195 627
786 850
660 719
256 541
4 939
868 170
19 758
433 679
341 54
878 263
442 863
5 271
798 580
696 138
218 594
899 815
666 558
278 440
90 94
131 198
919 161
322 679
255 71
681 116
735 969
684 845
611 247
60 87
517 827
67 853
818 903
700 423
810 547
225 1
705 287
814 171
226 558
724 96
343 593
333 714
218 918
684 627
425 592
453 130
663 406
970 655
827 10
278 710
695 51
736 64
202 612
163 397
550 981
5 29
713 368
590 910
303 551
730 533
439 535
119 483
926 31
949 166
271 846
75 306
722 288
890 846
464 463
670 147
32 259
802 507
823 595
366 426
593 422
96 666
998 671
160 167
118 610
740 34
407 493
602 15
326 570
125 754
364 846
626 441
865 855
425 214
728 473
138 757
14 32
550 182
218 391
262 535
679 278
627 993
97 574
424 282
482 112
28 132
341 443
605 670
291 586
990 968
517 472
384 306
667 487
782 980
450 581
641 256
221 262
244 601
447 722
9 578
581 45
411 338
451 769
858 727
598 511
670 920
179 863
272 11
878 863
771 99
19 774
956 61
23 214
120 837
541 661
301 400
268 223
987 657
352 424
44 438
710 903
254 3
515 247
3 427
945 906
64 651
638 357
510 248
701 561
297 795
289 667
310 51
832 575
963 327
621 863
860 981
937 928
422 552
228 879
120 368
566 471
855 450
124 328
585 298
277 863
737 487
756 261
301 868
245 824
479 759
301 630
910 924
767 647
842 810
38 619
133 411
793 422
778 50
262 867
516 828
33 105
403 75
812 277
381 214
172 628
730 954
927 740
971 444
865 913
904 371
333 647
134 440
467 749
618 599
259 665
762 634
493 747
138 518
378 131
14 141
877 91
548 973
796 455
799 928
530 151
531 146
92 804
496 479
75 62
231 263
166 203
353 432
204 992
777 310
563 357
382 549
735 99
293 220
735 951
143 638
807 551
82 344
248 440
264 445
47 402
588 726
700 504
425 654
896 914
383 443
131 828
818 769
582 15
325 510
481 443
274 812
633 37
192 429
709 408
569 781
783 861
384 383
383 665
102 115
432 75
140 788
90 667
737 176
116 171
414 478
73 728
187 722
723 370
686 362
889 606
29 701
177 362
234 365
592 599
555 605
385 357
668 788
417 180
149 373
902 93
393 931
360 42
750 379
785 917
555 379
422 310
405 588
377 809
357 323
105 506
769 697
800 721
599 195
947 610
66 646
547 636
859 318
952 566
535 827
20 484
233 737
562 887
997 388
817 742
895 713
538 307
184 996
4 944
939 279
523 596
203 16
331 39
518 713
563 464
417 807
259 403
723 662
351 825
502 191
322 465
360 644
531 287
753 851
292 297
421 395
4 357
359 371
490 750
914 380
990 19
302 815
41 248
903 648
260 926
781 236
32 981
970 39
199 667
294 629
596 221
563 908
31 866
912 244
642 261
810 735
27 731
37 455
106 176
857 536
987 729
680 255
809 413
315 68
746 864
728 747
233 307
552 441
36 234
716 356
477 424
478 643
465 352
728 666
182 135
650 765
888 96
876 641
471 191
842 561
770 306
789 22
37 785
498 379
172 248
447 438
784 506
185 131
441 233
748 332
764 977
105 180
203 531
431 627
626 801
359 249
8 738
652 640
177 961
87 391
952 313
402 934
510 863
21 560
354 495
775 491
100 223
599 342
117 613
532 172
664 284
489 201
820 103
240 345
994 755
299 720
782 223
553 757
551 422
274 398
810 236
1000 40
959 973
692 200
86 363
566 673
71 253
74 291
863 97
804 221
466 206
509 177
269 26
364 152
956 820
630 135
740 579
139 754
250 211
444 551
22 664
681 123
739 269
357 834
279 182
965 819
257 924
691 223
839 943
716 783
50 892
883 500
511 415
797 300
576 412
775 724
188 978
7 366
392 720
376 114
853 992
954 265
537 487
137 977
944 303
232 593
509 27
720 710
681 576
722 108
766 44
131 355
948 151
55 256
42 609
828 512
557 190
885 593
888 235
104 185
620 738
732 420
915 636
510 526
920 38
24 27
542 189
746 280
270 480
825 879
259 881
901 706
518 609
707 143
800 571
584 450
858 225
967 577
824 433
651 884
30 371
983 443
768 136
95 811
39 541
703 40
315 891
172 544
800 793
517 148
241 3
95 952
702 144
981 967
289 501
881 115
113 201
444 351
394 856
144 635
342 882
522 604
227 430
692 172
144 906
445 481
867 158
455 727
389 741
502 278
658 814
752 93
236 454
349 225
352 331
922 843
762 138
231 253
842 733
410 150
603 819
231 82
412 808
841 234
804 506
129 294
496 633
194 963
813 372
816 472
780 67
339 149
819 671
213 692
628 897
496 968
940 889
614 352
651 502
232 574
426 642
580 295
11 996
133 652
993 882
172 49
889 577
30 147
318 287
909 660
971 883
666 568
824 623
966 990
63 819
603 95
372 527
120 480
194 827
605 495
906 204
798 950
582 793
769 348
897 391
488 75
355 837
530 611
33 217
130 885
631 329
728 993
355 978
255 209
942 895
778 740
925 371
322 296
913 395
342 815
694 560
381 779
57 941
187 874
465 879
351 183
173 851
191 542
394 892
70 741
717 578
576 634
44 960
984 79
868 498
62 265
363 250
914 134
734 287
26 454
689 654
710 292
515 790
878 542
754 399
517 332
577 497
481 452
155 568
636 596
482 584
786 351
532 783
809 134
773 611
597 879
871 320
874 420
583 332
454 256
224 273
135 991
27 766
466 434
413 729
287 177
453 200
534 227
662 916
595 499
335 180
287 49
898 246
791 353
957 601
45 127
511 471
569 893
823 48
23 584
745 348
226 751
583 160
732 78
823 929
718 137
168 741
297 903
979 735
229 452
565 538
513 247
453 524
920 239
725 868
453 143
923 996
253 335
385 405
210 794
101 292
907 296
251 850
200 436
608 273
647 298
427 143
87 185
56 211
958 114
555 139
507 842
522 976
228 497
321 305
194 33
899 646
294 204
743 951
462 822
934 444
773 114
886 901
742 288
597 350
90 272
471 941
299 516
363 329
863 12
902 696
710 497
838 314
730 467
273 242
672 129
832 367
467 196
933 47
131 125
447 799
766 571
32 982
398 517
649 182
455 556
519 955
442 509
968 748
652 280
211 184
568 631
823 449
678 460
995 600
231 922
415 83
274 785
594 922
153 96
444 417
413 558
140 938
629 180
872 574
33 635
708 332
685 19
263 189
547 78
354 936
940 103
355 417
530 999
569 635
991 122
402 626
34 280
377 273
267 868
987 53
860 317
589 217
684 243
644 126
320 774
962 461
375 800
466 764
344 70
911 260
234 608
96 513
929 109
808 906
589 59
111 331
313 256
353 579
864 231
462 995
708 93
804 607
755 476
152 561
227 215
891 853
691 580
730 226
930 480
697 475
57 884
649 88
853 216
800 988
861 701
900 458
865 698
957 138
498 625
407 169
853 73
284 212
801 486
568 471
507 901
1 810
280 125
203 396
900 510
558 758
597 84
286 981
910 179
364 153
293 147
193 346
758 457
325 770
305 862
804 368
273 504
383 493
899 92
856 159
583 276
553 193
93 8
774 747
795 268
232 692
605 624
311 858
813 416
280 938
880 81
301 76
729 689
659 966
876 448
514 95
2 875
370 625
921 71
81 994
362 989
237 735
272 493
725 172
791 991
171 753
471 419
529 523
146 945
475 7
828 513
561 186
599 838
380 920
436 666
898 627
629 603
152 81
445 724
979 516
30 86
901 705
59 546
958 946
906 41
105 288
682 944
259 897
591 512
885 995
938 551
446 113
285 173
416 164
807 104
730 87
930 405
445 152
892 231
969 774
844 66
826 725
299 575
908 743
105 892
753 56
682 500
425 101
317 79
636 851
285 529
44 556
71 224
331 383
478 226
709 622
1000 206
297 204
779 880
47 504
696 390
183 712
531 302
408 718
447 855
590 356
415 501
952 735
628 624
376 433
999 251
162 564
658 977
20 586
827 842
993 38
460 979
197 222
168 492
83 155
712 745
896 496
235 436
128 874
737 170
854 835
728 595
802 998
470 600
404 328
338 160
988 29
594 132
43 406
229 513
210 381
784 436
287 771
290 37
219 201
901 515
700 249
601 923
635 702
534 122
103 680
915 776
831 164
928 397
308 167
317 679
937 721
419 838
829 963
225 939
669 186
797 101
84 662
397 599
898 251
204 39
687 586
239 463
542 459
691 527
319 886
659 237
258 962
575 452
262 530
66 179
673 409
186 776
632 824
227 124
69 641
783 197
507 988
863 43
776 109
338 674
728 294
670 585
361 835
433 638
14 344
883 962
57 654
973 680
297 159
634 144
815 69
780 884
154 836
112 138
518 924
465 958
118 912
264 447
908 349
685 215
363 27
880 143
168 27
313 982
207 218
605 307
642 319
72 197
273 448
560 668
226 480
905 779
474 729
745 545
317 648
516 682
712 694
31 174
953 684
71 665
737 69
119 865
227 871
637 740
141 555
269 630
842 392
36 327
755 873
558 452
818 401
927 241
615 258
67 504
964 10
177 360
881 924
552 652
613 301
462 379
537 75
998 34
424 890
367 186
829 413
206 892
389 420
694 977
343 189
435 962
807 210
845 27
506 653
512 40
713 761
933 648
517 969
394 108
694 755
74 984
169 996
743 950
669 15
137 134
356 286
229 1000
624 518
343 67
630 620
556 647
146 824
35 860
493 820
403 692
564 57
359 655
360 631
706 470
13 158
717 758
22 916
231 294
144 795
155 227
921 558
848 762
335 452
203 572
819 395
737 790
421 747
657 437
805 885
75 726
93 35
442 365
567 991
589 771
776 724
542 651
400 696
2 900
149 979
172 468
745 430
637 648
837 454
305 253
803 74
805 568
239 348
846 219
430 599
202 990
276 441
519 399
78 69
319 357
585 279
253 481
91 458
771 646
292 498
831 286
49 698
686 503
130 501
506 975
988 747
793 499
647 504
261 333
673 773
878 206
405 547
424 997
3 974
261 222
29 82
678 609
493 101
699 582
556 837
10 111
647 670
209 438
856 919
271 995
53 205
716 387
76 34
686 947
29 372
530 315
783 31
472 783
792 450
388 501
207 993
913 338
482 107
635 19
817 994
645 316
739 81
9 730
891 890
690 809
880 489
18 792
153 519
409 171
505 20
801 711
821 652
406 66
819 487
514 395
399 959
625 404
734 246
538 261
576 240
23 207
580 664
344 948
809 366
774 744
442 257
280 604
698 127
798 830
413 640
492 486
396 338
493 887
573 398
172 297
942 189
656 102
605 29
510 195
850 164
76 732
530 421
519 354
557 43
717 182
870 50
945 969
506 769
365 993
418 75
366 877
21 414
615 330
608 252
206 773
907 482
56 942
446 404
977 90
426 224
941 575
817 497
638 667
123 121
334 437
260 367
461 474
32 262
640 453
215 815
825 79
385 766
498 930
238 871
584 538
170 15
398 23
331 16
276 759
226 806
672 180
174 327
434 283
182 965
398 134
478 80
411 9
745 440
87 676
236 34
683 997
613 620
277 27
505 71
982 691
460 333
714 821
661 998
166 396
351 896
870 688
587 158
201 815
936 406
865 272
830 630
321 582
106 980
69 224
783 676
74 182
607 352
279 325
67 963
84 995
689 14
948 660
495 939
870 877
818 136
175 517
845 673
311 69
297 655
470 492
799 176
548 199
533 772
384 261
612 771
745 358
949 628
399 599
591 163
542 920
432 128
343 442
183 429
557 160
897 251
833 741
10 52
517 984
567 376
219 406
536 468
632 381
156 509
983 488
290 375
333 307
618 707
401 387
427 323
804 791
687 395
373 536
341 373
872 217
178 982
142 69
308 373
679 166
186 777
668 149
597 297
946 467
285 579
235 664
285 258
805 284
56 373
19 363
238 605
518 627
609 379
463 952
545 823
658 110
622 711
717 721
41 112
580 810
706 354
654 194
365 567
882 611
187 699
528 669
710 181
567 724
948 586
52 519
435 441
210 651
571 658
692 599
351 666
745 663
110 771
594 948
775 649
639 819
908 46
358 125
736 301
888 472
103 267
823 50
55 420
702 929
279 700
671 110
971 896
509 961
996 469
561 112
899 53
910 861
289 789
452 295
521 706
902 449
637 438
964 154
198 930
841 593
881 620
648 731
312 308
977 17
673 888
343 188
76 345
519 217
389 52
297 334
30 505
846 956
741 170
707 470
263 684
378 448
750 88
321 442
111 422
242 275
329 972
528 318
47 382
969 154
643 655
679 245
170 455
248 795
356 494
255 760
492 222
990 869
498 587
527 182
964 892
644 114
807 742
942 635
448 459
195 838
507 616
690 69
810 297
683 557
830 812
120 563
246 183
141 57
696 464
1 750
308 542
258 247
761 302
27 958
819 394
415 319
986 665
678 371
154 55
46 249
28 540
782 685
785 383
913 834
899 499
118 671
546 868
822 537
73 14
224 223
537 671
595 401
82 196
799 251
582 249
966 344
969 196
864 510
183 70
394 594
793 950
278 830
872 921
660 290
27 700
171 663
279 704
871 810
858 583
875 687
768 867
953 425
241 921
257 482
157 329
55 871
881 959
823 937
388 547
866 728
617 901
233 908
841 589
517 522
185 241
7 458
497 775
7 264
116 991
547 831
109 370
169 821
518 108
226 590
301 716
236 619
324 627
436 85
440 16
848 125
171 224
108 701
345 149
475 534
829 635
46 507
796 356
190 47
398 37
247 10
448 265
411 959
618 566
51 340
786 225
184 371
38 114
425 15
265 726
914 189
401 22
402 361
496 404
170 733
14 779
912 422
756 228
862 174
916 770
369 619
98 43
460 646
728 142
602 619
179 214
640 836
936 443
684 841
386 900
411 507
676 293
698 733
645 622
831 923
132 59
174 78
96 421
854 580
131 889
206 479
995 630
743 883
288 180
729 518
240 597
439 175
847 82
805 369
693 888
124 635
2 873
59 120
956 490
559 703
85 1000
68 250
247 191
861 291
409 778
267 164
795 807
572 681
976 994
738 641
569 661
664 191
39 596
797 987
685 791
51 839
747 738
380 9
21 383
280 311
319 126
637 239
103 791
324 704
218 79
418 413
767 949
648 610
741 145
835 296
891 949
543 687
234 725
881 278
951 102
55 961
919 684
722 574
800 796
433 997
927 669
881 487
700 829
994 734
186 899
562 826
579 872
981 964
433 886
741 298
901 131
890 270
49 806
691 723
477 876
455 434
807 729
939 481
355 230
672 36
526 131
657 816
363 275
350 47
613 619
248 561
908 967
227 349
929 548
154 679
865 422
256 906
277 528
903 700
169 788
1000 911
359 436
508 978
340 36
734 64
409 479
746 626
1 583
93 249
24 992
477 90
761 87
409 170
446 962
432 325
133 704
892 907
770 181
280 697
923 465
948 772
348 88
644 541
752 1
317 723
414 343
896 498
438 73
667 581
561 800
721 764
258 866
711 985
858 575
675 223
824 643
220 288
890 813
87 52
675 172
605 600
783 523
370 196
346 126
656 527
125 878
627 20
502 632
484 979
308 161
147 229
441 768
207 989
53 853
844 130
368 715
275 137
332 110
27 504
635 783
838 928
364 799
476 865
682 180
740 450
557 756
805 181
123 448
94 323
947 274
818 519
502 36
714 628
625 23
627 961
97 606
4 254
596 624
668 5
286 896
734 258
863 186
903 787
634 158
984 65
178 136
584 476
135 570
299 840
430 18
107 131
36 909
473 706
992 971
666 260
518 813
740 917
727 941
415 491
611 896
226 510
118 688
49 415
25 430
839 624
681 338
205 532
791 269
813 341
542 685
391 131
512 960
766 335
521 918
828 374
480 492
671 984
818 316
712 775
642 206
127 640
607 650
615 175
802 776
196 15
141 698
551 647
719 893
564 818
95 858
983 824
875 595
768 823
327 948
295 218
578 914
174 268
445 681
105 220
17 866
682 596
294 406
461 191
725 978
319 33
450 176
712 195
437 438
593 192
186 758
133 941
467 943
157 55
108 971
398 259
772 756
720 205
477 358
137 59
798 800
329 511
837 838
416 238
123 5
133 79
29 366
434 510
683 241
85 183
468 801
217 103
952 238
866 332
574 101
766 436
544 456
51 232
52 855
697 670
334 889
177 46
321 882
382 445
893 857
184 438
493 596
251 130
26 473
523 903
212 12
123 699
72 695
727 537
696 465
644 913
774 992
232 957
309 696
162 920
788 836
805 226
629 494
899 952
351 616
651 334
781 121
70 128
351 761
102 305
676 224
126 187
81 618
67 555
345 909
415 237
326 568
249 421
742 496
29 635
789 161
112 707
846 434
836 140
716 874
883 171
377 553
64 917
953 397
146 987
607 908
205 124
579 307
872 711
45 403
285 420
569 535
531 564
988 741
497 774
295 79
601 198
691 826
12 691
949 254
736 32
592 853
994 985
206 230
800 642
621 726
705 539
560 258
997 339
401 346
754 72
220 812
170 41
542 257
15 635
677 550
255 526
425 253
47 786
375 353
507 809
348 606
682 31
496 6
610 809
230 971
729 559
195 916
75 250
717 519
810 379
518 568
460 560
91 452
140 438
216 52
749 374
145 8
596 500
700 350
68 906
904 843
265 951
367 450
363 84
164 131
183 737
210 705
144 223
623 899
738 235
171 822
334 742
528 82
429 242
162 559
1 491
564 653
338 172
988 278
392 903
444 576
118 619
282 130
944 291
513 274
626 701
295 444
410 626
784 331
110 389
435 989
8 981
371 987
776 959
816 124
923 816
608 382
705 367
932 536
322 764
171 400
210 438
530 857
966 769
642 587
954 841
424 820
591 412
647 478
617 241
691 790
124 7
124 507
320 660
873 808
123 217
323 267
677 760
119 141
854 448
752 518
952 72
181 794
19 115
494 467
21 961
321 111
30 529
769 903
459 985
674 540
458 147
443 557
597 132
583 945
288 318
311 530
259 495
65 44
959 626
357 363
658 155
161 913
730 886
255 401
283 354
359 439
549 67
240 773
533 514
279 214
914 467
995 516
524 790
193 514
718 612
3 257
888 335
245 350
836 806
399 873
162 277
980 517
983 934
286 146
272 460
357 231
233 41
716 946
111 968
955 318
149 235
261 481
445 644
941 383
410 761
837 702
414 129
388 996
542 157
599 980
266 408
341 964
821 330
15 263
243 286
6 462
67 204
195 387
623 67
474 214
540 533
777 893
7 560
446 16
656 814
15 37
534 835
687 599
252 310
18 154
626 71
609 883
21 997
213 77
886 812
543 817
68 331
455 401
113 378
630 289
832 488
688 844
415 551
52 739
40 811
540 72
101 910
579 754
982 733
130 292
458 105
890 116
193 460
292 16
330 175
631 687
961 967
926 851
673 351
572 191
130 70
867 493
797 906
28 681
291 169
504 719
370 722
983 612
469 826
970 881
348 61
78 887
45 123
766 479
239 325
957 966
561 485
559 630
708 348
254 770
38 376
777 733
245 965
51 992
180 516
567 440
509 944
972 552
917 153
594 502
812 65
466 170
798 244
394 230
402 669
630 935
265 147
772 79
233 807
986 495
497 234
594 280
726 485
929 69
233 688
108 964
755 343
557 565
88 552
549 784
702 221
367 635
725 277
636 176
468 802
549 711
218 457
899 936
437 617
792 536
920 589
355 208
52 848
550 243
91 762
113 358
22 568
351 804
909 336
565 414
460 668
327 902
688 967
619 941
340 58
130 490
572 381
349 180
779 810
406 421
724 416
509 462
990 167
774 818
520 879
23 164
724 23
562 406
504 178
399 981
373 336
413 697
827 887
274 781
138 33
499 486
335 148
945 192
712 725
654 536
604 323
643 331
93 962
332 702
115 822
428 105
391 119
174 381
750 988
436 620
733 146
242 655
404 130
704 408
362 884
201 434
425 862
955 265
868 574
940 99
615 291
712 2
784 511
344 837
440 325
464 187
841 627
314 469
246 920
318 309
1000 172
218 105
382 16
845 60
65 970
538 619
911 177
604 933
308 154
271 22
935 15
641 609
100 196
512 166
508 102
21 940
722 747
228 352
835 280
915 856
835 945
490 779
473 127
655 976
38 225
921 745
21 797
133 307
47 797
622 285
86 253
436 484
826 684
166 632
562 630
61 536
238 586
748 781
929 685
507 921
386 864
527 618
853 454
247 987
430 361
63 126
400 332
18 791
383 139
535 286
154 375
984 58
397 177
395 806
499 567
230 645
790 136
710 243
378 888
990 131
756 520
62 694
512 875
711 537
464 356
875 990
362 39
568 902
920 571
419 52
694 745
735 634
816 384
615 16
249 751
822 57
3 450
187 161
851 134
802 990
768 722
550 788
976 14
746 99
533 207
720 586
572 683
650 365
813 207
462 263
998 341
358 756
395 378
738 782
388 513
725 792
797 379
64 865
854 483
711 789
656 549
937 872
964 615
462 545
211 321
450 249
345 469
57 73
129 980
649 269
133 996
636 427
873 815
794 83
949 66
290 705
19 5
699 615
740 89
820 209
859 381
476 927
294 8
722 719
941 879
449 81
548 983
496 212
597 274
917 364
528 775
105 864
644 165
203 479
226 916
385 929
874 792
919 338
395 91
542 539
147 785
140 347
951 573
917 893
511 122
159 916
444 33
193 487
984 22
436 303
880 103
255 97
499 120
792 925
559 25
516 491
178 452
71 403
365 882
336 852
524 791
144 75
382 207
572 11
442 288
922 118
962 939
210 964
680 188
310 491
421 898
236 151
979 1000
301 172
734 658
141 515
514 63
419 161
183 136
337 344
176 90
751 453
382 312
292 512
422 979
688 613
71 45
278 599
600 529
286 34
487 615
825 684
977 409
410 710
729 988
180 720
682 638
999 570
462 658
163 891
664 354
493 264
755 205
665 757
650 99
686 669
447 171
696 669
91 213
608 505
384 755
920 805
560 380
462 940
103 906
652 975
706 297
584 705
172 880
409 411
369 245
338 892
997 507
198 400
289 404
660 653
930 663
588 927
554 27
252 931
904 38
504 586
78 144
1 790
170 657
148 995
476 560
900 434
801 531
862 100
865 448
957 400
192 22
526 447
503 682
164 196
222 854
10 814
268 106
823 504
550 656
74 169
58 562
213 738
127 940
516 407
884 873
158 77
371 342
478 542
483 944
954 907
232 752
179 607
456 504
239 471
170 846
987 55
456 579
28 840
185 911
438 43
115 202
64 540
361 78
327 801
733 830
112 808
153 346
745 208
102 855
251 523
879 389
241 561
764 971
67 397
197 754
301 596
674 46
858 307
994 1
733 625
312 199
918 685
685 750
30 317
109 284
647 694
261 119
299 460
143 119
200 663
754 34
934 821
848 35
497 459
777 233
969 881
146 456
368 376
99 504
468 803
621 419
559 227
89 419
600 233
482 50
839 18
808 382
231 53
44 816
409 469
891 707
142 497
2 348
792 934
227 715
746 569
47 444
362 302
948 553
93 142
495 526
740 864
905 730
211 191
491 863
936 224
266 517
940 536
153 250
120 899
248 184
690 51
106 186
16 78
125 224
585 801
496 902
813 439
561 294
503 970
192 399
654 537
415 239
954 383
336 570
707 605
335 772
750 989
20 876
662 151
991 841
978 24
580 356
531 896
625 953
977 336
546 150
940 130
928 602
376 647
485 299
811 247
152 280
523 315
302 782
134 391
506 685
638 754
952 319
471 761
76 207
60 708
646 199
958 245
116 760
699 715
99 391
411 771
17 648
15 141
255 520
146 44
221 1000
792 454
167 454
982 457
394 686
144 533
365 329
23 263
759 25
743 692
808 459
660 564
679 504
576 935
813 838
173 551
69 470
142 290
644 285
468 148
277 980
3 9
792 898
5 955
230 698
302 23
892 613
606 33
455 527
720 758
371 496
710 847
207 158
174 77
641 520
236 766
199 522
492 936
970 744
718 441
40 288
168 501
336 919
137 842
504 429
470 710
987 424
788 559
236 924
349 347
483 857
283 885
267 72
585 469
150 502
36 411
935 537
868 588
116 233
888 130
462 405
279 737
785 676
625 933
917 111
686 420
634 989
798 162
211 516
999 359
306 784
290 397
38 759
383 770
85 696
769 473
756 351
650 76
138 184
664 416
850 631
653 112
66 390
967 972
270 260
18 293
682 844
740 90
611 734
982 11
68 607
56 127
377 709
222 594
678 867
165 308
238 986
156 89
303 154
170 678
321 911
770 588
843 14
493 649
114 638
26 492
675 985
198 230
348 535
607 105
810 492
919 194
409 457
245 137
891 651
362 471
539 87
435 310
671 562
982 913
14 615
183 884
279 321
983 749
305 974
969 423
770 176
592 122
6 614
528 482
362 24
418 790
723 326
540 147
992 255
679 945
738 495
228 673
931 351
514 537
684 364
813 16
447 278
626 735
827 578
295 418
44 98
45 311
357 194
488 876
732 23
510 477
928 888
629 905
703 694
814 757
926 467
973 708
163 901
699 823
917 244
493 271
439 624
154 704
104 939
945 715
962 477
966 867
258 802
355 762
918 654
85 461
512 65
260 335
359 111
100 14
567 540
228 76
949 421
255 994
402 1000
384 611
596 814
851 831
198 518
593 276
725 383
63 376
946 636
854 93
587 911
605 985
327 55
539 503
454 762
636 797
319 595
123 434
237 326
592 347
956 660
973 722
333 883
65 509
331 286
792 732
297 130
118 122
340 32
912 481
269 92
108 68
199 799
793 610
611 167
279 135
819 434
804 294
363 30
719 267
844 551
496 701
521 304
500 349
637 812
487 113
913 858
143 869
112 365
614 548
118 695
266 516
714 390
357 982
34 411
453 323
173 68
600 464
175 650
967 919
664 941
125 592
562 461
334 125
819 927
90 533
141 695
950 183
861 360
789 251
718 147
175 608
333 143
599 660
447 411
379 561
486 503
148 100
25 791
745 96
693 818
517 530
959 397
82 691
626 820
168 920
360 160
118 557
533 329
848 405
730 921
15 59
808 803
716 404
739 822
350 942
521 130
169 888
223 53
540 793
579 805
763 64
428 783
268 628
895 583
930 585
180 152
364 909
200 886
431 9
17 461
184 458
555 875
572 843
321 887
235 777
107 730
628 864
630 178
174 852
710 378
931 635
568 287
416 540
715 400
734 396
844 756
404 729
900 294
705 154
140 243
162 919
979 212
758 816
26 105
970 768
754 939
315 93
446 731
64 347
852 300
874 164
675 301
413 385
418 862
524 62
230 219
785 558
552 335
417 345
936 942
295 405
797 627
48 94
249 544
515 466
401 787
608 213
138 50
485 217
345 590
419 551
99 181
594 363
6 5
482 23
980 908
217 644
364 557
200 470
879 126
919 791
242 81
80 124
301 712
949 108
310 574
485 524
569 57
53 200
76 95
367 552
152 567
464 761
602 51
820 110
199 163
540 893
778 678
263 946
622 929
806 24
351 245
354 187
155 438
854 244
144 933
911 887
262 619
492 77
424 437
460 563
579 575
448 43
675 828
750 506
740 586
43 316
905 539
783 478
71 280
473 569
934 926
830 607
300 574
249 34
1000 806
452 641
456 708
420 103
519 917
960 84
546 789
603 812
322 833
344 953
223 304
849 684
407 728
469 783
805 997
864 303
67 520
598 804
282 590
312 372
802 21
392 793
557 38
171 759
758 681
281 347
732 12
326 709
183 324
480 757
888 242
941 280
742 774
309 414
43 334
157 218
786 746
72 302
555 299
237 633
266 370
786 637
113 791
955 610
737 469
159 658
240 414
742 569
661 557
845 256
921 417
62 58
391 632
216 666
171 88
3 232
882 662
187 948
957 168
631 49
448 408
302 487
658 7
382 561
952 792
221 749
847 585
316 135
379 157
338 587
598 277
930 851
808 311
387 436
673 145
984 24
103 18
344 887
199 544
165 887
278 190
248 938
407 798
526 336
895 83
309 796
633 928
980 179
853 683
235 140
130 16
849 648
667 827
887 924
232 662
12 204
690 919
452 923
407 695
129 424
353 842
597 551
139 211
177 100
718 261
81 960
483 884
841 862
953 628
958 743
776 975
301 187
319 299
67 258
34 201
706 953
702 744
133 659
177 727
767 574
346 198
399 368
510 557
261 383
335 642
546 223
513 910
440 494
646 98
24 237
635 549
564 495
910 535
752 839
230 720
181 89
147 233
557 462
666 99
462 946
446 23
530 602
488 297
968 531
119 157
972 971
556 778
939 146
557 607
375 4
322 176
251 26
531 956
463 299
312 902
241 32
796 424
636 175
375 437
831 650
714 737
803 816
892 225
471 902
944 461
798 629
378 250
400 488
83 178
916 992
584 816
540 75
562 655
778 848
853 508
196 913
221 354
515 940
164 198
348 875
829 212
207 160
31 886
72 637
144 26
878 771
791 152
540 408
7 142
525 76
283 609
286 576
359 186
936 149
206 283
244 202
120 984
541 994
301 125
31 148
254 39
76 771
96 65
387 620
510 284
294 814
779 431
106 393
110 65
348 350
612 947
405 769
558 313
162 22
509 845
989 451
614 87
6 143
393 858
38 435
494 82
691 320
255 378
56 875
648 687
756 656
668 562
564 451
11 453
324 516
806 384
955 682
995 457
354 451
543 611
87 295
350 592
74 962
369 6
976 490
761 772
411 825
854 15
602 92
566 435
471 565
999 619
612 213
631 219
986 814
697 305
860 779
170 339
482 255
937 43
195 956
397 424
308 709
327 171
40 891
256 808
421 34
938 860
832 503
476 534
757 899
815 996
795 106
887 256
890 36
585 530
877 490
348 728
403 777
690 207
377 56
141 133
498 831
535 469
496 730
832 4
768 811
882 636
245 855
255 136
921 338
867 522
805 100
157 768
358 131
776 337
178 285
107 21
57 414
166 826
281 92
819 732
659 947
241 864
480 396
951 64
581 58
653 413
750 995
953 142
590 776
721 687
149 78
222 652
25 208
564 867
858 576
548 260
54 69
182 14
955 266
262 118
395 339
732 472
559 885
637 85
471 405
642 611
627 35
510 613
168 998
284 760