1000 9911
506 568
52 332
418 370
440 422
958 872
172 933
841 379
961 996
882 62
419 772
938 252
556 835
812 725
873 138
982 237
413 318
273 651
860 713
807 978
706 227
544 266
191 377
910 489
796 920
754 215
772 266
294 114
249 485
531 101
218 424
644 204
166 184
312 150
467 395
975 605
161 57
735 18
347 885
792 742
887 375
378 933
394 910
986 548
155 215
923 581
2 318
3 11
369 767
558 987
207 235
874 478
999 895
526 373
527 548
487 43
183 786
360 226
611 847
867 473
870 1000
222 959
167 226
224 79
832 782
776 469
505 602
289 517
880 570
132 949
828 314
520 763
333 197
405 200
723 325
581 943
488 882
567 811
366 887
883 139
224 796
963 227
158 3
894 265
273 270
681 874
427 46
989 78
324 702
536 510
578 585
744 353
891 498
621 549
893 320
713 554
73 843
204 427
560 339
159 110
256 468
727 673
209 404
552 458
545 82
894 965
395 18
597 430
137 192
659 961
277 905
389 954
925 280
795 964
88 356
535 964
773 964
939 484
528 905
766 777
892 476
89 409
239 907
990 945
520 125
153 628
62 484
890 237
912 391
820 272
748 924
2 403
972 507
935 947
792 881
740 623
815 31
568 728
986 683
48 254
44 649
21 837
28 466
321 600
701 255
184 339
338 799
807 789
432 378
585 772
469 689
145 667
440 853
365 768
278 921
237 620
743 239
546 681
818 130
29 474
602 797
510 150
685 178
500 904
871 139
896 503
163 216
92 82
383 637
595 61
499 80
106 402
327 404
719 868
78 20
480 291
832 520
428 195
31 358
963 356
223 654
225 593
869 152
873 93
746 213
215 122
327 604
357 453
584 407
128 429
219 83
350 662
462 512
671 436
949 50
649 792
660 59
19 422
395 279
411 687
708 847
506 739
986 41
91 839
905 5
212 561
532 364
237 34
483 126
640 709
389 926
236 237
623 515
189 33
49 982
911 686
40 815
494 700
761 427
447 587
464 895
466 928
255 433
62 531
209 658
505 470
913 975
821 718
809 142
295 943
994 146
232 981
404 549
116 367
351 640
852 411
997 30
457 675
110 773
736 436
991 944
224 658
62 988
637 524
374 594
15 818
624 409
765 18
905 480
310 458
997 644
615 85
225 403
180 913
241 677
917 52
719 888
315 654
998 129
987 965
968 116
163 978
627 217
10 67
394 226
436 857
833 731
225 750
12 644
509 686
848 504
684 150
321 408
46 863
360 162
248 221
252 112
513 794
588 506
459 310
862 488
122 612
484 835
68 514
380 300
971 339
74 822
65 780
657 576
109 59
40 606
544 350
623 450
436 268
812 935
271 498
368 89
153 643
562 545
175 22
765 882
144 970
880 452
753 842
992 654
4 366
486 664
676 440
400 243
866 26
313 906
300 596
961 822
581 485
989 785
605 511
723 450
24 942
645 628
687 137
763 639
286 530
89 540
143 891
19 841
921 337
315 238
758 822
761 18
615 923
709 466
107 384
95 813
404 936
728 756
693 878
712 576
24 763
674 115
470 552
987 510
775 905
922 335
814 849
785 701
879 309
455 190
613 505
393 740
505 776
986 242
3 793
42 97
688 31
250 873
768 903
509 705
831 148
209 141
983 57
787 274
988 657
475 846
906 140
104 116
695 538
612 404
939 76
407 470
461 384
316 60
40 263
15 25
237 89
57 787
593 449
332 435
248 974
115 60
895 660
371 182
196 429
596 727
725 309
873 738
360 971
942 558
943 529
910 8
200 818
143 667
735 29
407 22
688 776
691 411
621 166
895 859
861 599
58 804
535 282
18 674
918 369
645 455
387 491
62 555
976 670
296 943
443 960
357 522
533 535
583 814
438 837
476 136
442 264
832 912
491 973
844 847
136 790
728 720
159 58
417 463
179 664
111 733
336 537
279 653
289 681
215 371
382 256
112 740
976 585
480 280
478 104
466 807
604 65
76 554
888 244
599 862
582 520
107 936
590 7
702 605
8 937
279 960
565 715
731 255
289 64
935 457
470 686
276 186
76 524
394 269
894 744
242 740
898 877
6 374
834 879
372 722
659 360
424 599
751 45
280 475
155 729
851 804
800 786
527 417
195 712
512 134
566 457
200 722
562 820
88 659
865 877
386 574
636 244
985 52
331 230
423 718
173 759
744 845
619 587
654 126
32 217
964 946
415 590
356 774
29 479
443 657
635 421
542 895
948 462
364 245
348 530
666 699
729 217
804 269
862 31
100 52
204 733
705 320
586 285
156 536
585 954
306 141
144 48
352 307
444 259
381 357
728 910
582 25
654 164
457 152
116 443
337 434
780 116
288 493
880 968
511 442
866 663
177 410
827 32
956 388
306 11
563 538
841 860
358 192
208 463
470 963
991 673
642 774
258 543
43 287
11 253
7 860
198 953
548 428
659 430
521 568
479 928
483 421
271 956
413 82
90 193
107 805
698 384
699 953
24 239
722 506
996 237
409 306
949 857
865 307
599 64
637 141
646 243
631 467
635 916
707 483
433 938
845 337
961 380
467 759
711 424
683 139
976 415
597 321
403 893
74 654
844 414
496 244
242 456
62 167
825 447
826 864
616 340
869 910
303 40
446 544
72 641
35 535
222 995
353 168
500 297
373 37
729 309
630 119
188 222
338 335
473 736
207 83
193 751
546 859
698 526
941 154
19 880
361 272
345 955
567 864
219 926
611 612
7 425
871 174
130 834
461 966
798 479
669 64
860 12
334 159
394 16
715 581
254 918
702 650
557 253
924 640
368 944
707 161
67 30
531 655
197 655
792 161
565 948
860 624
113 989
964 566
252 480
76 54
132 224
457 771
895 738
873 628
913 477
918 240
167 370
454 782
825 362
147 850
645 191
494 639
557 867
174 633
265 675
469 323
74 309
551 261
169 31
776 49
690 371
18 384
328 235
143 567
628 867
832 854
131 215
313 792
957 95
706 321
356 858
13 231
138 436
339 604
849 923
247 528
529 73
503 650
456 683
747 325
202 435
848 641
334 652
540 335
192 229
598 573
669 866
842 99
591 752
97 56
595 297
801 910
71 740
383 726
554 718
701 685
6 557
870 812
2 778
528 45
233 313
876 469
87 717
701 542
944 317
824 867
656 312
716 785
789 171
225 446
436 536
989 436
722 799
626 629
492 120
811 973
647 99
194 969
584 65
638 788
507 370
626 964
493 315
594 358
650 84
686 622
764 858
186 660
761 964
76 514
688 382
377 979
579 228
561 593
601 604
564 336
195 751
440 134
773 204
42 70
455 318
562 785
843 824
66 243
892 331
105 655
986 768
311 663
123 723
840 913
506 109
307 116
200 996
420 829
181 329
924 509
529 267
730 444
469 456
52 672
473 909
883 953
493 562
445 335
486 645
491 17
199 736
221 424
304 669
443 850
706 724
709 659
946 71
567 533
305 692
26 304
311 347
684 983
334 744
671 747
603 801
916 803
15 747
54 763
790 177
28 485
615 958
687 285
839 566
187 55
558 42
427 612
797 330
859 633
895 367
608 807
590 763
757 330
880 69
266 829
728 576
106 444
824 895
626 695
788 666
516 649
419 557
57 257
537 15
404 18
977 432
875 529
788 115
777 617
725 803
690 998
910 911
893 237
587 782
548 536
660 178
458 886
150 852
636 305
727 106
402 881
848 449
177 611
503 123
431 654
816 844
894 632
843 710
665 574
557 632
996 40
145 311
90 447
454 948
420 748
313 404
976 436
61 782
669 975
527 465
126 972
610 553
247 259
683 684
369 861
886 986
815 330
356 429
91 216
986 996
895 197
717 596
868 448
784 549
820 355
587 424
904 926
136 360
445 482
728 194
182 508
602 679
895 894
677 183
196 646
995 812
19 674
594 678
701 898
463 115
690 149
925 858
795 415
309 793
737 854
295 794
520 812
301 22
547 322
1 459
109 244
3 404
604 732
196 387
549 385
866 519
244 407
109 431
263 111
196 18
641 443
188 799
332 594
828 591
101 155
83 730
968 90
987 342
695 153
261 491
195 107
198 958
271 774
258 341
172 841
233 845
660 86
62 837
793 435
84 645
251 817
958 79
223 319
425 396
668 600
816 715
524 91
752 713
424 564
781 680
470 511
494 497
557 749
37 521
172 653
892 284
786 836
143 316
437 543
114 700
333 926
49 891
885 341
605 838
531 159
109 887
296 300
207 542
62 206
264 330
838 724
514 694
353 318
101 904
190 603
563 159
321 792
782 959
306 76
190 554
451 742
786 341
861 783
329 134
348 870
258 154
757 206
658 711
780 315
268 103
740 424
288 685
184 669
672 419
210 786
31 768
344 628
935 878
37 447
75 708
797 841
304 290
585 183
969 208
827 222
8 6
465 369
301 139
968 408
2 808
648 140
444 757
957 158
742 41
870 498
655 738
841 712
441 218
725 874
561 249
188 378
309 314
381 368
220 690
223 637
594 387
809 948
726 396
410 854
930 129
306 935
847 916
396 690
172 956
102 517
531 767
219 379
241 231
440 138
595 644
175 982
707 478
243 542
770 604
215 604
74 592
528 821
156 110
398 215
333 898
290 89
803 496
415 624
217 153
606 413
437 230
351 802
350 300
624 876
734 481
891 271
222 21
853 413
395 605
714 885
677 79
637 16
802 205
749 685
37 369
221 500
166 607
518 768
244 779
101 654
971 760
763 625
947 374
343 577
804 469
861 132
520 976
719 282
41 903
596 87
120 904
858 954
819 688
639 19
73 54
491 995
510 93
704 240
716 602
216 770
718 465
42 862
296 610
405 64
153 31
923 527
731 229
230 223
395 118
400 704
607 727
908 296
233 90
430 604
751 504
354 958
409 736
458 960
230 664
300 335
108 768
438 549
346 189
555 451
95 538
663 788
777 989
48 271
301 691
158 196
677 892
697 150
773 297
354 627
854 332
711 589
531 795
713 668
290 695
432 606
636 151
379 29
844 193
96 889
522 845
800 871
381 405
13 582
749 188
934 470
477 537
276 740
596 721
815 433
230 883
342 877
705 943
818 710
782 85
156 586
472 54
459 784
558 764
868 444
464 938
819 208
507 524
951 983
882 592
870 653
616 572
452 638
297 367
406 91
66 692
602 994
328 435
933 346
122 576
956 45
171 815
577 288
322 861
843 423
760 261
832 914
853 516
487 466
804 88
490 50
281 61
210 109
736 237
789 349
585 217
421 889
390 504
525 371
582 364
505 968
110 541
794 372
546 469
413 810
747 3
475 17
718 207
632 140
813 201
965 414
761 709
56 968
347 91
859 359
167 972
155 780
101 88
449 751
910 908
252 212
492 715
613 253
926 154
341 922
212 353
665 652
405 649
946 883
493 64
264 994
137 116
769 623
130 996
5 437
691 682
764 460
639 800
434 385
989 201
956 542
425 194
62 137
84 449
673 356
605 865
542 349
494 404
683 847
776 123
778 553
139 813
140 450
747 375
650 851
183 188
653 828
378 964
252 673
772 158
277 536
518 942
723 968
481 437
279 126
743 437
523 964
340 120
532 894
383 58
667 17
37 265
120 469
115 553
559 404
83 71
767 17
714 111
366 730
190 891
841 96
418 787
586 865
330 487
629 193
520 523
25 115
465 276
736 94
276 292
149 18
597 222
249 638
346 416
310 15
497 532
370 282
337 227
68 85
840 6
414 121
272 594
58 207
603 377
142 615
396 947
917 255
498 9
271 595
65 618
963 81
876 994
626 781
717 418
367 793
940 327
561 958
86 883
622 289
368 628
43 76
890 729
872 36
903 980
693 535
587 523
271 84
959 442
175 996
428 657
751 869
316 978
78 753
706 38
708 616
752 424
143 319
882 807
865 760
368 48
576 629
446 599
218 542
627 886
9 537
283 470
415 725
531 380
778 849
810 461
153 966
789 246
999 819
196 556
966 56
877 403
386 68
154 356
305 924
987 856
804 434
73 136
473 742
719 257
494 778
373 325
103 92
766 740
987 713
344 629
474 940
754 896
480 117
978 268
580 616
157 681
182 260
304 178
175 657
624 491
241 713
336 739
945 959
909 604
159 141
220 365
297 908
513 204
660 277
711 744
258 993
679 709
83 295
950 426
854 694
581 646
786 558
713 534
816 793
384 853
928 419
252 40
802 452
808 921
835 148
29 245
781 53
342 100
859 266
517 832
354 334
878 389
581 402
374 164
857 142
977 141
143 275
31 909
611 411
812 930
726 952
564 3
655 500
260 876
479 376
776 395
368 171
386 774
539 244
175 122
500 408
636 540
586 313
962 340
861 993
218 869
848 756
335 462
67 868
785 229
970 43
532 822
106 888
3 160
421 657
239 537
897 604
400 916
701 826
666 413
353 916
279 388
463 475
780 431
850 398
104 603
783 788
700 246
246 677
215 507
287 30
115 970
681 711
499 412
137 929
29 627
780 141
529 907
290 129
736 177
591 253
439 395
413 837
361 44
950 148
438 440
82 366
80 194
859 938
608 234
77 169
464 178
797 656
858 20
389 238
184 896
859 987
205 197
975 993
209 130
360 114
772 577
669 199
30 259
566 369
750 402
570 892
89 802
722 595
831 119
190 69
393 165
583 534
565 7
342 128
380 307
700 786
590 490
333 579
65 237
433 833
752 609
695 821
312 834
155 284
708 672
434 365
82 109
562 625
657 835
360 605
456 924
517 471
222 103
123 469
202 243
867 786
700 597
631 846
501 37
288 520
183 761
314 632
296 3
39 885
245 32
373 27
157 990
174 996
726 529
529 43
912 189
58 517
147 837
488 698
503 793
549 137
18 579
240 767
995 609
853 515
144 501
698 964
165 513
573 388
611 593
429 396
768 570
385 181
571 175
607 677
979 834
263 5
448 650
849 466
55 500
940 943
63 936
618 17
654 793
453 568
662 292
3 745
647 48
465 90
323 68
710 592
253 411
769 418
837 327
537 190
663 970
134 28
67 75
551 933
664 55
99 702
8 571
794 902
82 628
85 563
102 627
584 462
659 508
897 439
207 960
85 420
730 939
811 102
267 744
575 406
887 128
246 264
686 981
568 160
768 418
477 636
976 325
260 6
632 807
263 909
71 68
919 506
355 535
833 125
743 726
30 870
71 213
643 492
772 8
835 680
766 924
766 925
919 216
406 501
360 626
66 614
303 887
126 398
132 648
458 173
531 865
326 207
753 625
700 88
980 184
304 425
140 7
487 472
839 174
309 904
419 72
311 46
996 886
153 180
563 833
443 770
412 851
426 743
244 98
28 867
379 717
127 663
112 692
132 917
663 667
318 952
907 205
508 286
607 814
335 619
11 541
275 724
77 224
43 272
30 46
142 612
283 236
441 45
25 942
963 80
307 724
3 995
6 454
432 631
566 142
213 439
702 350
336 211
134 282
800 706
602 210
413 369
787 444
38 838
521 360
456 705
34 761
623 297
436 133
402 117
902 942
707 258
543 936
253 536
344 284
566 603
327 45
39 761
540 930
981 80
947 928
255 351
237 320
645 233
17 903
89 505
248 143
444 109
633 815
299 818
409 371
482 779
307 332
400 26
273 300
838 760
633 982
852 48
741 960
122 341
329 553
807 119
33 777
819 342
200 594
861 47
277 142
685 257
328 288
887 895
803 202
162 734
969 214
823 151
914 721
58 287
367 267
258 301
595 108
358 876
599 588
871 171
432 120
399 524
242 611
135 6
304 2
681 900
634 940
103 483
59 665
872 724
817 341
964 140
626 991
635 599
542 225
674 41
823 712
720 311
973 219
573 993
12 791
932 832
241 229
919 894
481 854
564 383
565 34
12 998
199 292
274 253
972 996
556 747
596 840
273 819
186 832
230 853
677 410
481 673
282 946
943 315
801 470
991 79
812 818
131 283
77 56
348 550
880 985
95 299
443 730
500 409
299 798
763 277
430 452
14 263
680 307
383 108
614 203
540 219
373 938
18 717
239 685
535 464
4 392
577 346
889 88
466 507
709 333
509 439
455 945
224 201
192 279
50 845
469 885
606 813
609 218
991 912
225 209
561 351
942 172
488 637
638 230
441 425
991 801
760 201
667 919
589 523
732 183
181 439
487 526
789 168
148 288
595 249
742 120
444 667
232 497
729 835
736 33
185 797
867 913
659 784
408 124
284 983
965 440
660 298
842 693
257 361
993 551
832 403
487 821
436 825
254 512
384 916
431 518
267 993
199 490
881 663
848 472
208 71
116 592
998 530
546 115
584 290
307 957
432 187
591 673
958 252
959 141
985 258
180 36
330 585
987 171
223 134
557 674
743 975
9 916
622 56
809 765
826 709
424 669
720 558
249 488
950 866
256 666
294 966
23 284
769 119
302 461
710 446
765 929
605 652
450 470
825 500
848 947
635 413
434 76
182 790
108 112
492 701
523 986
749 766
827 604
511 223
205 864
576 860
297 365
836 646
49 764
335 710
511 172
543 429
855 133
12 87
486 922
657 398
417 737
308 794
849 678
885 224
316 317
118 753
693 989
219 938
390 86
664 717
847 714
794 80
951 614
590 766
883 368
793 920
135 57
393 554
417 922
504 291
362 961
91 261
515 423
935 534
974 200
39 852
803 480
972 537
882 324
405 836
820 613
927 835
953 316
906 74
263 443
475 817
789 671
794 903
212 836
319 96
413 507
661 550
510 789
208 35
704 952
82 516
982 147
220 922
846 962
638 665
983 319
414 622
186 905
351 49
977 898
818 79
561 707
694 545
143 293
891 53
912 734
160 403
930 651
200 948
772 122
459 929
957 162
672 62
272 617
333 269
173 516
464 904
672 429
451 894
114 389
884 764
787 972
274 649
701 46
353 128
691 104
675 943
782 849
162 870
790 364
22 218
55 363
677 760
197 416
326 204
53 908
496 743
167 239
712 567
325 12
54 730
606 919
23 853
338 137
979 71
653 254
840 475
369 121
440 969
383 747
921 190
206 176
903 378
45 14
266 845
208 953
456 83
699 497
404 211
685 62
818 481
837 387
931 194
608 949
409 748
656 347
676 662
91 414
937 914
898 440
205 426
944 38
91 15
152 441
323 176
414 793
879 79
233 707
142 727
441 782
556 423
815 676
337 685
69 962
86 992
604 613
888 432
310 760
765 662
226 878
928 214
378 149
749 130
734 750
381 798
754 280
777 471
507 1000
291 647
772 94
518 622
752 136
515 756
433 648
737 548
715 991
245 197
155 229
874 759
90 667
585 632
149 885
162 795
274 749
300 621
363 23
991 665
426 781
372 240
766 667
276 308
254 335
330 295
799 379
361 651
879 969
755 599
405 440
780 20
766 373
257 241
404 768
296 649
492 909
686 154
745 446
447 674
179 724
533 813
236 995
809 867
885 506
478 800
634 570
963 384
516 881
837 359
659 891
243 80
477 661
970 600
755 994
58 126
497 566
495 39
776 913
873 403
575 332
3 800
426 397
355 545
512 262
608 191
203 629
864 809
593 173
578 539
253 440
733 585
313 134
149 488
997 328
613 900
831 93
389 74
229 907
488 267
271 170
700 776
493 6
313 352
117 938
754 417
462 771
854 1
694 638
865 824
821 873
790 744
939 402
784 499
653 608
212 304
393 506
415 637
146 226
672 404
886 176
868 411
765 781
473 949
917 844
520 58
944 870
497 417
275 575
286 885
815 73
528 633
904 808
174 974
892 743
331 529
465 892
615 769
136 513
653 36
636 764
175 480
642 279
516 492
631 571
983 287
168 257
760 347
523 407
289 932
932 451
718 468
332 695
940 822
978 385
120 105
637 668
153 397
300 36
528 207
824 726
107 562
892 201
715 819
78 81
34 929
910 772
159 496
876 774
806 885
863 876
849 150
869 219
676 573
91 119
219 442
916 12
111 120
441 100
337 971
381 492
837 526
696 750
803 690
234 1000
275 493
617 172
158 346
843 734
661 417
69 922
337 657
652 950
864 642
172 969
414 642
425 235
815 434
763 101
527 110
91 672
990 844
717 940
334 816
152 988
248 689
869 625
934 534
748 774
269 187
868 447
339 5
598 256
909 363
308 598
863 228
351 912
10 668
528 577
162 835
235 123
144 117
700 455
886 446
463 155
84 108
508 816
754 740
802 642
340 325
822 577
509 346
421 516
975 109
225 126
359 248
123 138
404 841
187 75
171 974
353 807
562 149
983 551
125 283
915 684
932 374
625 972
426 547
962 657
814 886
980 602
910 881
180 598
197 912
73 642
525 594
358 749
328 848
537 188
25 976
263 442
431 948
582 668
453 856
661 227
21 644
352 103
869 64
981 518
534 962
285 160
592 462
843 762
130 867
151 539
816 690
981 856
32 385
86 52
643 675
864 686
229 596
69 783
108 299
143 292
114 660
367 698
80 268
498 567
65 120
377 702
85 117
288 217
800 100
450 549
752 365
753 900
438 766
368 102
478 239
101 912
331 967
528 542
857 130
737 648
978 626
785 18
895 203
662 696
313 965
27 883
448 812
856 217
213 612
306 134
399 999
442 326
278 32
409 183
563 493
184 965
245 292
317 631
162 696
344 523
498 588
796 715
654 729
550 990
757 298
171 699
728 544
659 862
2 755
663 522
903 27
118 134
965 494
90 936
474 267
20 915
560 184
681 985
450 304
68 999
238 467
557 293
744 308
780 516
876 989
312 192
393 1
787 831
878 146
695 552
129 527
114 71
834 844
263 700
526 985
216 442
490 825
363 573
489 906
934 386
574 997
934 215
562 981
377 745
216 297
390 42
554 113
658 467
44 950
340 185
94 85
711 90
952 827
37 103
274 347
493 613
744 573
504 962
362 416
718 829
735 993
286 681
273 290
681 445
331 628
84 932
670 999
486 976
805 836
308 812
666 442
84 779
149 332
325 495
552 61
366 757
723 180
743 9
504 126
859 564
749 777
54 961
1 203
900 797
760 30
319 487
598 982
909 601
695 72
510 406
497 565
996 473
500 648
945 781
712 16
548 382
823 804
592 582
76 623
497 902
172 154
620 317
712 127
966 820
534 680
294 397
189 697
150 673
636 262
485 318
732 273
474 1
683 447
665 728
684 140
171 99
375 195
61 592
133 35
744 206
484 841
69 933
432 740
416 249
295 856
327 493
535 840
119 79
302 725
319 665
530 456
576 694
938 37
28 61
400 444
290 992
493 807
645 616
702 37
886 774
354 175
744 891
411 92
618 860
558 843
346 571
22 566
688 866
568 440
786 403
697 532
990 115
493 585
97 15
316 70
778 895
984 40
602 667
830 753
98 394
232 936
89 757
770 814
623 880
738 218
611 856
309 951
139 421
152 691
454 320
573 268
650 827
46 116
533 622
624 280
865 54
24 594
25 447
563 699
747 182
814 1000
824 872
668 937
405 189
159 7
55 269
194 595
926 384
586 557
737 463
242 871
868 695
878 61
508 38
475 983
350 705
371 742
750 839
308 253
915 847
721 262
160 828
203 894
342 135
697 116
423 962
670 321
288 79
725 319
670 464
809 780
804 173
517 808
356 517
801 496
749 474
437 964
97 915
777 383
905 434
183 581
455 736
518 966
598 368
835 862
274 562
188 44
120 128
606 46
93 233
386 11
171 803
634 447
912 207
508 672
749 542
914 851
236 759
828 467
62 783
581 229
413 659
567 822
884 938
244 9
724 787
653 297
819 513
159 32
254 102
758 566
764 695
451 254
290 160
698 805
650 640
153 360
157 432
346 379
864 36
980 714
620 721
859 907
484 368
872 302
543 381
485 229
531 605
950 401
807 312
257 493
513 811
128 375
683 391
886 642
655 885
363 707
532 224
459 244
612 438
886 573
102 795
161 354
553 544
130 787
937 385
973 451
976 425
260 114
423 998
282 726
104 372
431 491
507 849
915 438
347 648
539 482
740 417
302 636
15 594
181 513
903 914
943 509
964 952
786 72
438 767
900 448
761 400
874 657
561 213
305 650
394 941
808 319
117 421
9 626
374 316
856 43
106 950
468 177
567 711
490 297
71 500
918 279
611 771
188 48
481 58
467 123
585 956
801 879
474 805
143 776
439 481
712 569
948 665
823 287
718 627
330 400
918 113
376 46
656 32
733 14
220 103
810 809
652 52
547 214
35 10
491 572
729 776
34 901
500 693
765 255
140 776
181 286
254 892
812 80
320 958
859 919
971 753
290 705
516 904
464 125
284 648
980 901
289 102
608 263
551 842
826 327
862 502
115 308
671 445
855 48
87 170
219 274
147 241
132 471
138 980
431 681
254 614
860 537
313 330
389 229
726 182
123 111
967 824
489 905
761 737
377 136
364 930
961 400
415 923
364 49
203 501
286 908
308 664
9 541
305 694
52 613
164 383
348 716
446 949
486 838
382 823
788 167
386 64
95 470
460 849
357 763
601 373
452 705
344 970
211 26
183 960
349 504
851 106
447 607
893 763
34 400
954 353
153 6
926 651
818 304
784 224
548 153
633 5
573 570
25 275
997 798
319 486
528 229
17 517
119 136
571 89
590 935
77 304
295 377
388 685
721 314
667 682
119 661
375 527
68 949
451 71
468 640
915 596
614 433
113 612
774 233
638 994
142 583
968 202
807 371
748 205
247 358
764 120
871 616
487 867
146 653
6 417
628 264
768 208
608 415
938 256
885 941
7 521
341 207
532 152
540 739
703 145
742 761
380 410
149 956
126 48
481 565
929 813
198 490
808 586
146 81
812 550
194 325
692 196
568 458
271 507
130 765
717 535
122 35
840 970
892 515
108 18
681 254
554 884
421 443
282 851
840 857
931 610
587 196
532 835
918 364
114 782
244 993
836 871
887 649
800 395
222 824
919 114
903 521
619 196
35 279
183 951
704 70
154 171
973 963
233 402
286 420
648 133
272 210
515 174
475 509
700 242
884 855
442 238
760 349
675 468
900 110
220 47
884 966
962 792
335 782
788 687
604 453
695 62
527 162
383 562
868 594
358 372
162 451
56 578
36 504
664 769
756 431
81 145
506 878
988 842
651 922
688 677
152 499
561 873
659 484
57 58
534 548
938 341
276 796
522 20
427 852
911 186
473 426
626 160
254 737
61 627
372 884
734 906
950 583
610 684
440 140
744 954
392 111
564 205
824 114
260 46
687 641
709 857
85 95
252 736
311 749
386 708
961 88
51 208
971 35
867 146
630 162
647 848
27 75
47 4
140 426
86 641
297 193
429 964
639 335
768 962
936 976
2 310
386 921
581 450
297 209
254 314
594 591
188 156
26 35
301 411
927 379
732 961
839 927
110 853
715 661
538 134
44 451
705 415
269 718
163 87
182 337
440 816
130 180
918 197
225 242
832 774
983 545
895 277
608 829
665 289
966 787
205 40
154 929
492 915
715 832
446 301
209 173
617 818
335 915
820 753
56 606
628 86
775 123
114 770
465 94
871 631
660 201
642 940
310 838
168 827
685 778
51 850
858 334
911 504
380 30
533 220
691 866
907 353
176 501
169 524
406 867
323 41
816 845
215 829
915 219
80 762
835 336
543 547
601 279
87 487
750 29
327 436
347 538
419 953
169 814
665 945
961 282
890 416
691 689
449 46
549 223
735 344
166 588
479 536
946 545
293 523
190 726
448 401
636 866
228 11
571 805
572 474
688 811
28 260
106 548
801 524
216 28
329 31
40 202
204 581
278 196
631 814
747 785
763 478
766 531
662 702
918 276
277 404
539 33
84 898
156 535
783 682
145 258
753 629
223 93
666 420
867 509
210 808
942 9
11 729
196 747
508 709
535 138
266 520
576 89
871 50
984 686
822 722
951 506
935 977
888 458
872 847
604 286
509 94
625 797
441 486
427 727
745 336
157 482
405 408
34 367
279 799
591 294
168 648
578 899
959 258
500 549
825 810
536 435
612 742
281 600
580 68
655 938
233 823
694 964
954 881
895 435
276 869
600 937
53 117
474 218
886 751
890 738
941 934
160 869
267 699
111 400
355 962
800 821
907 619
69 848
436 129
938 79
556 658
155 299
284 77
912 686
469 199
95 29
191 386
668 235
118 342
190 867
503 488
145 162
937 158
813 883
349 163
691 427
140 483
198 169
938 752
277 36
959 666
193 303
287 493
587 219
830 909
500 304
136 665
247 517
108 205
798 414
154 37
466 275
643 542
783 654
453 23
22 84
546 850
803 100
982 826
76 933
277 138
376 75
174 258
548 11
37 522
576 468
651 258
340 605
591 228
439 795
25 195
409 860
189 981
931 368
660 274
774 238
703 732
409 638
540 960
399 351
826 233
350 747
993 648
6 23
909 624
949 237
841 556
256 374
475 890
315 981
85 503
565 957
52 224
111 327
350 517
96 740
816 749
801 31
420 723
38 870
973 313
482 372
589 439
866 494
703 510
463 588
393 366
51 326
790 751
812 927
264 157
545 892
89 424
218 588
881 132
592 570
39 622
5 682
397 48
256 976
942 756
209 912
430 456
692 795
14 267
572 369
758 108
559 117
293 225
717 654
896 843
330 247
352 259
278 127
321 536
479 581
69 170
966 424
875 327
495 896
802 253
425 618
559 331
453 724
883 491
790 117
888 403
559 312
49 7
14 839
664 612
698 783
542 916
943 703
620 600
197 953
917 80
483 516
447 417
94 942
573 831
355 606
142 544
256 163
761 215
459 492
441 105
849 36
171 48
134 196
377 875
46 784
342 443
293 621
520 742
243 418
138 190
912 953
68 735
52 196
74 924
276 908
302 644
287 329
915 47
539 619
612 99
449 358
697 774
372 996
377 566
838 997
437 544
280 382
593 330
411 909
910 16
456 897
939 512
423 691
562 765
835 691
602 714
930 837
515 817
367 908
445 328
304 676
710 348
503 758
737 722
903 735
960 63
317 910
946 126
32 514
535 801
480 212
309 946
272 160
36 89
534 200
346 750
130 2
317 592
656 198
197 234
685 325
318 822
923 624
338 48
784 154
253 195
434 543
400 659
441 457
956 504
570 374
736 82
591 220
224 934
444 699
543 89
145 876
328 964
147 392
534 372
149 218
686 435
524 314
484 207
581 807
584 21
20 503
72 457
293 815
524 393
428 502
46 957
312 295
825 802
812 396
831 176
872 447
48 289
845 263
252 65
916 402
683 505
80 82
123 212
918 694
432 735
454 540
99 445
241 161
811 93
388 186
160 201
472 843
119 38
518 356
556 687
189 306
422 125
834 9
941 867
583 646
969 822
952 196
181 670
169 190
521 81
995 230
173 862
48 877
307 168
238 592
355 276
160 262
469 260
145 86
437 806
688 812
749 333
64 209
579 658
504 792
362 474
862 7
440 578
459 528
904 739
947 263
400 66
79 904
575 823
468 401
309 915
248 782
667 821
84 865
68 302
343 756
935 976
735 578
41 594
337 315
842 500
949 724
890 711
533 789
385 77
832 658
319 460
798 758
650 674
758 643
372 378
220 413
281 430
176 180
751 175
422 681
974 458
744 311
266 397
565 823
859 6
966 862
237 870
272 886
739 764
860 612
994 914
856 943
208 402
32 305
765 289
455 209
863 724
661 887
623 308
146 472
896 228
773 13
942 908
640 734
750 169
260 816
956 568
477 112
579 963
467 477
160 435
1000 292
950 814
94 220
574 202
540 46
373 779
821 563
830 803
27 50
230 543
50 497
434 16
36 812
383 119
663 129
297 280
923 252
338 436
455 864
879 453
895 232
459 873
169 342
946 6
69 181
145 749
231 97
951 424
832 976
304 217
153 296
73 492
699 416
292 842
673 844
76 482
746 909
824 847
895 300
54 964
366 986
849 396
44 170
194 731
381 39
698 219
944 175
87 904
906 812
724 555
618 82
357 14
327 938
627 160
76 618
462 331
700 469
676 517
806 732
259 811
632 313
651 961
102 685
849 72
43 17
869 389
449 346
555 250
545 416
708 916
506 268
454 870
806 265
820 157
566 393
114 6
60 538
42 253
152 597
905 185
322 285
680 631
112 230
260 536
556 518
777 503
687 860
591 62
142 163
326 332
934 143
353 482
479 358
378 919
179 90
109 997
130 362
196 144
705 230
10 916
66 568
442 539
596 376
687 35
546 917
250 316
931 757
269 966
978 712
889 99
874 393
545 703
32 598
681 303
331 738
150 58
615 914
809 499
98 602
451 374
289 631
767 164
642 53
845 538
828 296
577 1000
816 352
745 414
712 849
50 936
860 121
537 394
521 781
577 921
708 421
177 299
840 245
475 10
367 8
993 969
850 978
802 145
175 913
306 864
492 847
613 999
717 482
516 947
77 163
851 580
618 473
836 400
855 404
803 297
994 888
502 708
595 587
9 300
787 19
547 812
622 368
270 389
751 84
6 387
428 561
602 228
582 854
200 592
661 429
609 980
958 225
85 379
731 313
414 631
915 46
668 270
190 990
318 147
692 388
835 992
256 736
166 39
407 331
84 436
808 552
91 676
368 495
278 476
578 174
529 370
378 56
307 124
509 100
265 288
504 910
321 808
530 92
342 582
827 738
409 445
62 577
924 356
691 19
567 764
839 891
349 235
574 508
335 424
841 275
718 747
519 910
978 684
870 998
28 631
124 796
128 625
58 766
421 512
779 690
676 10
20 881
650 941
723 113
686 103
942 205
487 656
701 85
121 609
284 786
448 640
512 565
106 420
146 783
897 973
310 58
58 67
498 314
25 186
394 65
695 141
872 642
450 296
843 720
807 420
410 870
663 645
994 796
388 901
741 49
686 658
216 644
198 884
308 220
592 815
711 118
307 84
989 852
800 811
251 527
769 608
916 753
498 928
482 317
134 594
564 163
285 990
367 710
619 693
387 44
412 455
568 21
400 391
300 763
337 598
302 498
326 404
18 989
21 479
535 704
978 991
942 706
344 211
145 486
607 178
64 132
80 701
779 867
100 688
249 90
451 754
804 310
690 141
598 514
175 311
879 835
402 701
187 397
685 390
596 39
586 490
466 444
233 479
269 671
331 682
172 366
825 948
215 456
661 175
135 139
14 828
73 320
590 735
315 271
10 371
284 886
323 776
16 928
825 590
935 561
917 38
756 114
258 613
557 127
141 792
147 423
2 638
774 256
958 637
741 371
320 945
462 364
411 262
233 932
713 402
253 441
711 780
572 563
224 673
194 512
484 115
547 791
272 887
203 989
593 213
721 24
629 703
503 659
560 361
872 43
800 728
303 511
52 189
974 547
787 450
330 571
699 670
42 119
373 583
543 513
88 713
411 464
14 241
627 688
802 429
962 87
27 854
949 331
535 518
304 944
322 425
910 94
469 182
704 776
387 255
373 778
228 48
809 986
792 808
155 248
931 587
605 608
933 57
681 16
671 629
468 208
969 365
571 545
828 176
403 871
80 808
340 266
141 231
273 439
662 971
330 288
960 151
67 943
767 50
783 825
384 467
793 825
461 667
909 883
732 826
610 725
814 976
637 755
330 403
217 847
625 831
599 240
324 75
695 68
220 356
942 780
775 44
376 922
967 876
876 799
718 125
113 537
646 795
115 503
512 283
414 239
55 715
21 343
722 324
910 591
171 103
778 453
484 998
780 699
164 996
476 870
886 713
319 820
782 436
987 626
347 471
935 238
725 694
319 645
77 503
207 758
517 218
739 838
132 120
545 129
127 477
623 440
717 899
666 951
702 41
960 664
173 677
92 795
125 340
445 433
611 9
255 462
5 569
248 632
464 853
653 893
197 321
714 893
587 249
951 632
222 172
867 345
524 750
729 280
268 428
398 539
718 652
993 403
166 599
206 416
499 726
960 68
892 851
643 89
898 368
280 593
832 910
714 430
572 960
350 207
520 635
317 699
811 649
277 29
465 341
896 393
510 295
183 199
794 280
748 166
101 330
787 255
656 265
604 119
219 147
92 131
208 384
443 491
417 244
769 95
719 727
559 894
85 695
746 275
56 931
795 424
94 718
225 881
526 152
468 519
930 300
146 383
419 817
976 50
82 382
194 19
177 839
677 582
892 133
739 789
905 75
483 83
422 178
220 315
725 315
303 149
415 975
381 961
937 331
632 897
299 594
140 470
144 913
566 692
277 667
683 1000
937 101
187 642
524 515
429 961
142 478
329 245
511 197
425 682
814 332
526 320
948 530
199 616
990 141
495 561
596 12
279 304
874 490
141 303
328 266
536 433
573 300
331 641
562 63
908 23
677 265
953 650
992 224
227 833
558 920
272 320
421 865
372 241
908 373
638 204
162 371
932 371
201 463
537 101
42 973
752 36
133 530
428 210
522 233
219 255
70 407
707 834
543 488
766 227
327 621
555 406
93 587
426 334
63 183
57 490
856 806
854 753
985 582
432 578
566 165
418 429
293 527
890 717
891 380
323 504
986 88
934 264
862 471
333 655
602 104
51 482
693 95
95 917
82 800
527 472
155 497
514 824
416 771
736 904
716 182
695 835
764 345
909 313
697 743
737 530
105 466
536 675
801 797
979 252
304 755
384 716
771 441
986 928
23 641
61 201
407 957
908 838
865 295
629 262
903 573
26 147
677 681
49 274
433 179
568 594
73 148
808 65
112 382
630 86
701 828
339 57
250 484
676 216
969 82
261 798
353 981
32 680
864 550
805 909
310 485
758 999
16 786
704 431
634 544
139 92
376 895
214 611
675 207
860 209
419 397
527 719
983 149
198 549
732 411
282 288
698 39
310 801
224 674
195 483
986 282
641 205
664 26
497 255
798 933
747 847
324 532
384 705
497 72
669 136
561 519
925 62
693 2
488 634
96 842
151 570
617 504
164 679
19 156
773 11
99 458
611 637
63 367
195 575
217 27
777 69
937 370
630 385
482 433
359 661
830 854
876 204
943 413
710 504
782 21
161 989
438 735
601 95
951 535
691 750
245 112
41 645
11 536
255 623
847 343
518 797
227 554
526 312
782 678
110 929
680 104
607 439
921 922
428 981
892 959
179 572
554 720
483 875
410 360
162 729
367 272
171 525
922 207
724 855
125 478
612 809
36 369
258 727
29 107
941 434
193 906
34 142
660 430
241 594
721 712
23 714
229 497
447 398
834 536
399 344
29 705
208 195
140 452
436 979
91 719
683 434
612 276
461 256
100 64
581 543
826 470
755 292
395 676
860 761
992 707
648 953
635 827
247 49
803 843
644 333
606 507
939 392
947 901
198 377
39 619
575 693
338 628
856 457
819 255
929 515
472 466
71 154
386 798
259 20
631 866
389 665
201 773
370 948
782 548
36 41
210 717
282 206
767 499
272 40
455 537
885 100
590 13
192 981
405 373
463 419
871 486
710 928
396 344
823 323
456 435
336 448
280 705
7 374
455 681
653 256
604 338
287 6
568 872
93 979
956 471
927 54
396 702
59 988
983 895
589 484
936 554
591 362
166 481
319 151
394 58
585 968
775 319
292 733
276 58
632 232
119 490
401 671
882 336
332 881
333 392
688 153
473 634
720 266
117 886
8 662
985 666
802 480
643 828
401 441
399 82
661 427
39 459
702 281
947 594
530 406
566 504
492 269
826 605
99 437
322 204
270 84
181 647
238 968
204 232
852 588
674 520
711 631
203 32
222 476
843 649
28 141
892 460
143 748
548 701
852 802
982 677
606 241
454 2
257 710
75 891
562 331
139 742
781 171
187 754
369 747
278 175
316 470
733 259
383 414
59 316
222 792
387 357
672 725
802 668
790 165
884 768
297 624
870 887
505 757
658 619
500 952
11 927
638 354
180 830
827 17
654 644
701 568
850 146
634 525
729 823
159 188
16 838
366 912
387 801
444 694
929 466
638 92
894 426
988 955
884 196
693 410
832 989
807 422
992 301
102 664
512 452
380 26
492 572
163 612
129 948
299 100
262 872
800 591
618 330
633 897
986 438
808 970
518 57
167 37
762 585
315 798
959 89
1000 6
765 651
33 178
548 887
846 628
156 56
622 991
199 122
551 481
421 140
756 990
88 781
235 686
752 276
460 501
174 703
640 531
716 536
890 241
583 54
472 394
9 629
504 795
602 604
731 744
611 774
577 362
154 461
232 997
908 214
66 657
379 654
442 320
743 146
924 52
987 740
328 295
17 285
419 112
737 989
689 850
158 687
620 878
365 901
495 810
222 534
922 232
651 282
615 37
373 394
230 13
819 608
635 116
453 482
786 53
225 387
267 98
543 809
414 471
586 908
200 95
609 485
242 710
777 721
617 786
628 182
915 740
957 188
656 737
360 305
509 813
368 911
845 147
829 782
208 216
797 336
399 335
980 858
531 636
200 396
775 377
320 849
303 504
710 412
574 653
760 563
925 61
45 275
364 761
311 898
720 97
44 998
467 640
360 848
986 172
768 279
950 515
222 378
494 511
274 368
616 161
38 281
967 196
134 811
915 473
238 896
955 1000
868 287
835 622
509 838
861 754
143 695
386 648
615 529
541 256
179 67
643 304
221 708
999 950
241 296
278 269
108 186
826 61
57 718
307 340
34 636
978 739
637 830
856 187
892 841
219 717
571 400
274 902
168 157
575 852
64 478
687 366
982 830
880 912
475 404
72 286
153 152
67 574
304 220
270 463
179 684
897 873
151 75
276 338
314 909
998 83
763 826
469 955
474 727
898 373
37 647
637 354
202 937
258 583
647 227
645 138
57 327
522 283
996 342
959 290
842 744
755 9
385 505
679 753
263 504
926 72
158 214
820 197
16 709
240 183
879 217
704 999
691 975
930 377
215 737
716 394
829 613
367 538
84 909
891 148
255 517
685 829
830 17
908 715
801 381
105 664
317 971
793 712
181 723
705 985
393 61
448 430
776 410
145 130
532 618
492 95
75 193
978 786
672 125
302 296
285 678
74 395
948 723
835 416
131 192
268 479
432 336
469 426
511 35
496 376
369 718
827 770
889 503
378 884
34 850
330 243
477 96
887 565
139 475
527 580
240 716
13 335
966 319
399 842
770 74
241 898
97 422
244 51
796 666
257 214
955 59
370 633
639 105
401 995
127 599
918 796
740 909
244 465
10 265
138 450
339 447
345 702
825 644
384 78
385 315
969 24
901 584
578 967
206 828
266 497
147 334
938 463
385 453
404 359
133 879
650 91
636 288
640 93
533 270
898 669
925 440
906 176
263 621
360 138
217 775
398 492
91 874
38 823
441 847
939 184
763 404
545 65
104 143
747 935
378 357
35 924
513 540
575 458
99 5
778 680
624 676
648 180
856 705
704 876
655 467
915 382
777 353
174 787
506 227
622 653
38 322
61 163
752 38
974 741
442 570
210 686
67 843
336 524
876 255
895 173
805 181
6 730
939 947
763 535
638 385
304 120
288 751
73 79
880 841
664 678
607 398
24 517
10 632
139 340
384 413
315 119
21 880
533 857
504 325
1 132
99 112
461 818
957 941
851 150
504 299
729 822
646 711
798 600
80 425
112 879
721 791
189 793
480 643
361 128
551 975
141 673
333 474
820 540
949 176
785 951
720 344
242 20
613 227
171 16
85 358
547 717
308 223
740 250
902 153
354 509
262 760
963 925
588 310
937 945
807 20
378 464
721 211
583 749
824 164
165 340
521 196
314 144
982 117
380 479
347 654
752 277
75 56
402 296
339 767
140 500
13 834
297 151
101 921
890 254
212 486
982 710
107 248
951 525
120 637
777 582
368 812
170 636
883 792
97 147
683 756
10 826
378 684
841 268
93 199
3 227
386 233
336 836
633 946
227 897
214 933
160 576
174 235
233 365
659 905
628 354
221 212
993 609
211 354
324 195
260 928
370 385
983 111
758 532
10 382
232 418
429 376
390 254
346 438
534 421
992 492
228 950
64 959
250 934
846 790
2 637
59 884
337 106
323 43
677 984
125 139
399 326
332 811
426 288
746 361
911 475
475 789
688 162
925 139
105 496
235 47
402 840
901 418
602 219
525 824
858 65
566 310
364 329
695 598
196 978
739 990
147 171
123 984
635 785
229 992
251 40
143 400
990 749
517 227
369 229
904 248
669 936
467 624
315 565
969 982
570 543
754 272
41 331
481 668
319 576
913 271
829 950
750 482
460 538
133 396
616 320
926 237
929 613
677 207
917 816
277 721
596 497
942 733
168 96
204 614
601 462
451 723
127 126
251 898
683 720
478 492
761 144
158 434
652 353
50 207
692 546
732 535
328 501
329 28
726 347
230 460
766 274
755 607
637 543
451 414
125 363
292 886
746 704
42 427
49 111
177 434
140 770
270 881
35 44
366 990
280 901
758 624
746 24
563 578
585 414
859 811
892 942
366 841
348 300
944 107
428 148
103 538
769 112
57 326
845 805
148 107
578 992
582 588
238 502
898 519
955 474
354 755
65 588
836 463
476 916
60 833
168 903
902 214
405 614
264 838
816 787
266 316
919 743
517 805
650 134
155 748
329 736
653 261
850 255
152 554
652 995
869 355
549 613
531 998
118 639
237 394
937 364
522 702
1 977
330 911
666 549
463 873
544 73
642 19
891 866
865 387
238 767
481 410
300 698
340 75
117 103
979 372
192 66
301 288
619 813
641 899
400 127
537 594
184 332
794 163
28 623
155 486
14 558
805 865
734 153
572 108
511 256
886 372
887 933
230 488
162 648
37 600
483 988
652 107
671 793
50 981
289 523
396 297
731 555
646 585
793 907
352 213
319 435
547 148
769 178
510 298
202 635
719 946
261 630
375 632
12 488
65 50
418 51
845 888
955 280
774 399
837 724
234 443
354 90
115 468
189 869
63 156
708 71
506 987
158 160
826 150
962 470
341 907
159 542
734 850
902 178
484 901
328 617
138 398
584 698
930 410
750 11
385 791
887 182
827 499
161 712
308 393
290 940
511 642
702 121
891 32
85 89
503 318
160 384
164 584
237 366
188 342
868 464
887 468
286 959
378 68
655 466
144 916
643 506
239 901
903 820
688 787
784 580
198 234
274 666
666 680
792 867
278 306
174 899
897 136
785 46
770 922
936 430
663 197
313 945
23 106
390 939
62 724
382 881
828 123
387 359
559 389
637 997
598 597
175 396
899 448
724 171
852 480
748 337
162 684
236 637
720 910
371 286
852 343
379 827
141 526
179 743
474 541
236 908
228 524
121 436
473 567
418 996
805 712
315 619
408 50
814 894
463 169
769 15
383 941
410 755
984 788
345 522
107 935
704 815
771 726
650 493
997 50
509 760
812 393
228 64
928 630
356 964
950 283
418 424
826 285
55 957
722 410
617 368
433 953
616 678
217 866
15 467
516 839
717 149
208 939
616 56
526 965
198 522
623 287
365 251
241 53
706 217
467 599
969 825
15 241
753 82
181 665
330 741
521 84
460 352
208 713
317 489
265 662
550 217
734 650
347 830
921 815
334 788
571 827
165 6
539 281
500 427
800 235
359 336
567 687
772 129
183 943
265 961
416 595
746 609
515 12
128 674
663 94
863 658
335 57
176 670
893 639
378 540
931 798
63 447
184 973
528 428
712 655
140 904
548 29
456 461
366 592
883 422
196 714
611 631
23 989
462 39
429 486
33 581
634 559
875 715
72 12
719 874
794 351
447 407
964 3
455 859
840 49
219 201
11 816
385 827
836 69
124 927
241 405
599 998
285 122
510 687
332 187
411 807
388 869
523 226
172 972
156 457
998 857
911 331
551 208
113 812
994 943
132 354
534 904
695 194
754 47
203 831
886 528
902 789
544 721
213 490
346 781
423 921
991 191
761 746
388 42
942 913
890 462
782 254
803 801
365 368
826 642
331 32
848 854
830 202
373 869
321 970
844 482
832 506
62 291
47 85
106 755
217 314
572 500
304 658
14 305
71 320
74 484
546 906
374 275
411 263
451 722
396 81
126 464
683 813
859 466
302 608
335 108
796 914
84 940
196 678
316 946
568 625
295 818
39 522
245 415
654 611
783 773
817 73
365 982
169 138
427 523
332 370
586 204
845 625
97 265
140 762
137 542
710 869
625 819
116 130
353 720
393 617
588 102
550 845
120 308
138 447
675 236
180 534
271 761
440 699
405 677
64 779
48 384
198 918
698 454
152 414
206 849
742 775
14 455
450 14
547 644
217 809
772 743
556 846
43 933
532 167
576 944
275 182
764 618
852 708
52 12
91 558
735 265
479 345
78 728
317 416
763 80
925 289
731 766
463 596
908 596
786 120
236 199
327 152
420 782
22 974
919 308
706 291
9 721
783 421
515 731
681 231
424 88
524 539
118 86
155 216
268 473
452 526
499 557
700 337
482 805
325 169
418 541
643 204
541 693
382 900
88 259
89 622
842 148
457 242
554 544
81 718
869 204
231 896
16 191
721 919
993 113
666 9
743 37
766 414
438 149
591 81
547 840
903 181
679 570
197 786
124 697
23 54
180 635
481 507
383 904
849 380
221 419
233 983
932 569
825 913
342 322
312 273
259 778
328 539
264 867
673 153
930 296
773 174
81 342
851 790
87 240
342 159
952 447
865 994
113 69
332 417
833 332
378 167
769 375
1000 883
89 236
289 498
216 664
826 715
43 687
801 287
913 325
252 767
364 993
437 603
533 715
162 48
936 369
334 936
562 759
800 192
933 108
132 382
803 996
61 560
286 381
577 287
861 986
843 984
406 87
83 454
90 7
336 858
283 660
619 153
290 709
912 199
641 543
590 554
681 270
370 697
206 307
957 713
438 198
941 213
310 396
96 24
439 808
442 124
68 214
471 251
897 960
846 413
34 181
522 334
112 487
985 936
893 15
694 64
452 363
812 507
704 660
67 52
971 602
793 418
906 195
410 501
846 676
251 800
125 967
149 905
604 537
868 945
924 995
7 569
877 829
776 765
293 668
241 91
688 486
212 556
412 62
379 53
668 367
302 533
999 427
360 902
713 902
204 783
669 883
526 228
857 211
491 317
878 315
260 152
13 832
222 78
226 21
31 620
931 594
274 767
900 351
683 601
44 745
120 639
21 821
9 634
179 774
40 64
313 441
991 687
994 129
634 104
891 523
505 436
69 219
641 970
109 714
394 135
889 30
163 491
220 200
719 166
505 662
581 994
814 953
988 628
720 762
395 426
733 808
419 288
242 709
922 393
86 562
5 353
200 209
509 953
367 79
189 827
870 338
138 107
779 238
765 473
750 375
261 240
100 424
229 780
584 277
366 495
973 189
237 610
523 370
119 205
467 788
587 519
548 775
5 12
703 101
887 200
843 878
458 448
665 918
925 582
377 752
29 263
360 994
556 536
657 887
329 454
649 795
190 757
84 344
265 514
766 852
238 275
689 644
870 758
209 941
430 439
287 490
215 111
718 778
809 110
352 655
95 329
151 107
47 54
247 514
451 725
396 82
621 983
538 295
192 151
818 119
250 405
73 180
331 764
138 53
942 44
382 840
280 745
196 325
876 487
382 104
261 655
779 334
305 251
215 344
36 381
555 679
978 34
100 979
907 226
690 750
949 931
287 844
901 960
557 94
98 773
392 592
710 516
827 312
367 99
719 766
635 755
814 550
961 771
918 704
557 256
817 467
285 93
696 732
143 163
972 825
295 36
831 246
121 943
765 366
930 261
404 688
473 342
418 465
773 329
595 659
82 962
709 682
712 469
753 319
901 21
575 66
178 456
490 770
327 117
476 849
778 691
377 652
622 922
880 277
492 203
39 662
316 889
303 766
796 51
676 356
450 755
313 189
751 611
60 374
316 232
174 762
160 324
680 667
74 438
282 859
464 842
838 444
218 873
849 917
403 793
888 589
960 42
141 181
331 523
444 362
211 81
853 642
710 21
307 923
406 170
270 584
853 627
1 268
535 203
689 159
230 121
616 886
951 59
989 228
206 246
284 772
139 11
233 180
306 568
290 149
54 954
186 98
719 956
870 56
428 235
985 802
700 209
182 30
498 355
940 78
824 591
989 567
332 798
959 323
468 496
176 370
252 293
755 230
902 33
707 139
377 876
911 285
454 664
474 234
829 932
411 759
273 309
949 123
509 564
773 43
294 128
721 244
6 276
672 919
51 397
17 749
365 21
682 233
518 371
668 260
134 386
66 82
673 506
378 352
160 19
473 76
756 777
152 951
375 333
678 964
437 602
187 955
776 76
460 461
598 175
378 66
28 312
784 582
69 452
217 369
678 166
796 821
936 977
803 89
625 301
148 804
809 166
828 711
259 133
484 602
359 12
758 512
421 697
128 631
736 412
310 355
754 877
277 346
482 552
969 10
594 873
866 642
741 534
942 215
608 821
606 704
845 568
242 591
224 925
810 973
558 423
162 396
789 209
771 570
993 894
423 375
171 742
195 947
745 269
438 506
488 866
72 97
54 49
238 338
662 304
314 162
245 906
512 297
309 493
348 389
385 437
25 990
944 91
716 664
937 861
538 612
236 58
418 53
217 759
398 348
716 751
798 989
416 203
190 109
797 27
800 801
104 238
674 838
240 286
668 360
697 264
222 301
4 96
575 491
78 188
415 942
218 412
700 552
333 893
742 231
123 297
580 198
697 746
249 243
781 259
88 47
991 281
353 157
989 571
744 602
784 817
896 923
344 840
476 349
263 369
577 366
210 657
905 695
925 812
784 832
474 810
182 491
311 141
663 88
371 478
652 359
211 9
763 564
771 235
295 665
465 758
652 94
175 531
914 737
480 469
832 745
266 195
358 421
620 520
145 838
220 414
37 153
478 962
121 711
971 795
113 631
873 77
584 56
677 965
589 313
864 792
375 832
232 210
731 40
646 83
72 361
525 846
285 233
498 98
308 190
552 820
262 731
319 798
503 45
587 518
325 158
989 946
441 644
151 561
578 351
526 344
142 940
125 716
199 197
420 566
347 638
591 787
719 409
434 342
859 475
346 698
421 172
873 683
836 363
914 95
53 561
535 653
701 357
994 465
98 154
421 398
273 425
917 942
516 22
600 102
710 159
567 546
550 308
952 547
884 678
352 383
810 720
939 879
939 98
526 317
585 839
468 557
329 1
261 114
371 442
49 386
802 704
814 107
589 665
183 72
957 609
250 743
770 732
385 162
392 706
814 837
68 47
343 503
695 66
733 779
625 898
723 269
836 20
565 626
654 989
107 976
149 283
798 232
604 143
253 343
78 605
4 597
594 373
650 419
147 922
835 101
532 67
738 459
884 478
557 400
427 247
102 567
219 329
891 679
824 240
539 579
949 310
222 557
959 226
800 873
673 477
322 229
325 706
566 384
109 43
204 193
762 695
329 528
517 85
740 354
498 629
852 932
526 221
730 312
605 700
639 722
520 86
613 589
2 868
339 696
398 963
408 895
61 155
355 418
610 180
888 590
705 360
411 485
89 707
418 539
291 795
828 82
42 184
637 990
528 382
770 215
189 183
791 207
406 171
840 399
490 8
240 607
222 579
150 172
478 745
64 685
525 496
289 520
415 216
421 887
710 657
427 646
634 754
215 383
331 247
607 709
629 829
78 45
542 924
191 347
263 165
15 516
436 751
842 598
93 752
519 500
958 684
172 225
963 246
121 767
954 991
901 692
405 933
64 873
394 182
200 377
223 583
184 462
856 848
985 620
261 104
627 419
440 439
702 435
355 804
707 27
798 998
782 491
214 249
821 15
574 841
955 729
939 188
958 232
794 841
449 424
69 911
752 527
271 147
320 443
88 647
678 874
294 99
167 499
108 422
833 243
909 672
339 630
13 969
304 894
67 969
592 277
259 486
408 812
649 850
411 163
69 451
352 559
934 829
94 46
810 487
994 8
924 355
47 508
213 996
362 494
344 877
516 149
297 345
231 192
586 465
128 729
903 612
351 699
615 862
382 954
837 224
844 1000
182 722
824 547
438 196
644 535
87 981
444 621
173 105
211 330
49 91
656 77
140 886
291 482
58 475
422 840
997 716
249 620
369 378
452 867
958 761
233 32
250 910
751 290
256 121
935 667
579 475
175 946
604 192
508 237
548 569
807 349
862 792
833 738
371 863
500 633
181 48
234 557
271 928
55 521
369 258
379 44
209 217
981 523
659 267
842 959
321 466
720 235
78 453
501 694
327 286
221 823
555 289
373 620
165 336
385 880
939 297
152 613
888 687
290 975
511 675
38 49
592 819
706 71
374 249
609 907
621 88
677 326
398 153
79 604
890 139
378 103
752 152
662 597
773 836
451 874
378 982
648 522
166 439
683 603
875 243
966 206
179 776
216 551
757 251
795 466
547 685
709 376
839 997
295 779
991 574
371 417
904 634
102 275
139 487
12 111
440 870
629 34
337 418
64 358
46 442
729 628
162 719
127 821
277 238
542 570
475 173
171 692
64 516
799 62
603 681
438 450
766 182
806 857
615 407
854 565
466 906
108 815
722 347
397 925
641 199
314 409
940 309
506 641
429 866
950 762
740 154
688 309
686 800
359 860
855 187
693 12
17 539
369 8
155 693
561 650
144 653
64 692
345 39
899 530
756 979
669 932
653 543
885 325
678 946
471 912
242 504
170 365
726 942
415 909
201 561
459 4
557 896
389 542
619 551
356 711
695 771
606 291
511 933
592 477
4 379
98 10
944 886
883 377
745 604
793 631
832 155
923 244
339 452
325 178
954 206
154 42
19 828
685 483
232 853
283 627
767 59
606 650
880 917
40 348
371 298
444 422
693 793
340 759
201 175
225 305
188 931
138 344
980 455
570 327
642 216
475 137
29 530
604 386
346 406
2 644
390 77
854 998
546 303
567 391
457 143
58 245
834 530
517 411
660 138
868 789
56 701
445 548
266 425
270 433
843 593
806 551
39 76
441 965
851 654
565 900
574 850
425 473
902 869
299 304
711 495
62 60
159 836
58 842
540 757
501 543
891 171
429 582
763 85
545 154
105 643
971 160
481 700
530 225
969 583
442 705
792 668
596 418
249 313
726 805
857 954
485 985
878 608
572 411
682 672
283 384
361 928
947 169
804 742
71 289
376 291
303 818
287 345
437 220
296 932
46 16
908 155
411 405
236 646
753 564
80 922
728 854
305 59
398 905
269 672
239 805
24 605
651 456
12 134
162 759
664 621
827 11
3 477
480 414
603 608
54 952
76 672
974 249
979 805
462 746
569 545
396 523
860 224
309 358
884 238
319 157
600 733
286 110
896 174
328 800
312 421
310 880
447 57
82 642
835 64
85 545
949 200
678 574
631 709
313 174
886 701
831 20
55 617
30 269
838 120
751 973
147 51
725 738
697 385
130 770
493 990
635 221
472 231
790 785
682 102
521 60
460 376
764 302
506 10
344 417
558 124
825 406
956 760
710 427
437 969
386 845
297 190
817 605
355 368
340 4
5 518
615 635
9 579
140 307
785 34
911 614
844 523
370 978
136 602
410 25
748 431
14 671
550 381
791 125
207 106
139 506
413 759
71 555
572 12
724 183
616 856
546 659
158 693
468 501
306 504
98 428
475 467
183 2
314 991
426 757
524 126
672 969
547 295
750 802
625 879
349 679
564 306
465 426
963 439
67 650
339 497
140 710
659 846
346 479
310 50
93 674
157 112
7 118
444 844
825 683
383 937
186 503
480 664
233 944
436 883
38 539
419 615
976 856
209 79
431 952
677 944
720 349
637 517
166 811
281 763
806 623
722 741
440 84
565 78
730 957
582 938
199 338
511 588
768 480
167 176
11 886
798 850
553 557
865 771
77 643
722 696
134 586
892 264
752 443
34 598
329 606
240 367
294 908
5 311
557 778
778 585
422 116
284 146
485 831
288 213
311 865
28 239
394 961
364 87
239 933
477 784
170 680
562 662
501 154
74 657
377 420
672 998
306 88
571 684
368 225
100 696
912 376
866 405
598 35
904 748
520 661
340 510
455 991
922 976
896 699
292 200
629 33
576 83
779 726
282 290
858 837
828 377
187 99
975 506
135 131
942 241
348 156
233 225
819 614
417 506
787 50
419 340
375 655
46 661
818 387
489 24
755 789
894 110
806 862
651 79
161 223
287 651
200 291
789 2
134 234
655 956
90 967
243 500
560 402
391 622
638 687
51 902
147 250
705 548
137 619
881 475
40 709
699 662
764 622
829 454
298 5
490 813
135 520
103 540
204 223
80 341
528 825
542 815
69 727
544 90
554 101
772 444
596 830
491 428
230 810
31 644
978 808
740 735
606 288
883 989
652 568
66 557
876 30
269 72
329 293
460 757
935 78
57 717
718 696
739 383
478 465
631 693
690 169
378 717
719 278
425 628
687 372
905 543
322 916
439 79
658 685
216 768
811 677
33 613
570 324
744 598
112 718
520 677
712 909
898 510
556 262
479 721
119 622
659 759
807 407
534 309
457 743
315 513
869 170
673 919
121 850
256 209
920 120
59 516
647 511
707 144
195 452
217 700
589 172
4 742
793 415
523 258
167 451
798 904
859 234
290 675
755 301
901 385
902 858
746 611
795 563
189 256
139 403
469 112
860 871
238 823
611 315
424 687
223 33
268 670
28 49
47 791
431 436
809 796
888 771
13 820
70 815
199 969
679 451
247 989
801 593
655 362
804 656
364 159
37 15
296 135
729 443
732 722
951 624
577 443
176 636
895 183
254 261
456 732
787 640
827 959
519 925
900 673
723 894
249 907
31 839
511 271
425 633
796 609
763 766
413 643
362 251
608 701
550 560
607 545
996 828
814 901
533 995
774 535
315 478
598 927
486 165
896 385
182 98
703 516
230 409
964 48
399 487
153 265
651 6
360 323
361 174
445 570
206 774
944 155
301 530
225 196
881 493
441 119
247 351
319 114
926 174
158 308
470 250
769 369
882 218
744 135
13 660
655 869
116 725
493 304
837 787
930 407
414 636
460 234
7 759
263 777
513 534
735 361
223 5
795 908
764 303
295 670
942 239
277 818
499 894
706 400
65 24
670 623
982 333
770 629
878 658
661 872
269 63
145 497
313 843
353 374
576 262
620 460
841 393
184 728
3 124
403 822
832 196
437 531
545 737
585 908
288 630
163 354
491 145
936 34
577 304
61 415
779 604
97 248
18 4
395 855
676 172
783 712
254 432
36 67
129 295
793 840
171 940
318 575
123 827
16 159
679 952
166 853
562 134
250 682
733 175
928 975
121 447
893 809
785 766
471 247
508 278
185 986
21 68
280 962
82 434
25 177
312 467
917 122
918 941
869 145
780 902
529 642
950 498
789 944
702 627
987 123
494 25
211 889
694 870
80 76
911 227
234 717
113 310
604 518
753 196
346 818
593 620
502 945
902 502
782 231
380 469
308 362
114 649
479 387
374 255
625 19
866 287
153 728
801 424
459 812
575 714
268 270
434 98
142 275
112 136
352 743
814 257
635 292
47 402
503 684
568 747
766 950
365 959
607 202
536 338
634 116
84 917
852 881
784 835
912 136
785 158
738 150
791 128
80 980
908 92
418 236
154 246
452 519
12 248
292 856
441 386
816 338
357 830
902 90
604 273
822 344
394 184
811 713
573 554
906 687
376 792
876 669
182 42
719 881
188 767
229 453
301 952
470 977
785 875
271 736
152 24
924 515
786 683
713 409
622 326
159 588
396 818
346 69
195 457
314 423
703 899
119 344
447 193
983 499
270 330
901 428
226 542
63 433
564 362
412 239
489 996
147 106
850 698
403 468
42 124
27 448
134 420
967 812
97 644
78 705
83 985
959 856
412 397
184 340
336 17
665 779
649 142
354 156
905 276
9 815
838 682
326 350
700 719
350 80
61 3
869 956
906 227
937 20
374 485
212 937
95 437
244 913
653 929
875 209
767 455
677 43
53 833
538 291
904 649
889 77
463 471
267 328
508 764
708 335
504 395
214 842
555 778
734 951
984 516
604 501
657 666
880 629
664 898
684 317
595 234
872 549
246 664
50 525
803 473
20 981
737 333
3 641
104 734
606 877
894 485
300 340
764 977
157 110
485 289
788 48
419 655
248 967
546 126
656 212
733 716
761 943
742 538
103 980
696 830
329 827
40 674
634 679
235 577
410 429
952 25
144 543
857 342
274 398
627 516
130 941
942 545
32 164
146 212
493 683
919 307
746 902
423 640
762 916
217 281
4 345
305 212
863 424
45 84
356 662
350 366
761 197
743 493
266 755
841 381
791 91
706 625
783 759
880 804
222 951
210 999
276 677
581 244
323 540
106 148
197 251
624 345
576 412
841 40
328 245
348 232
646 579
222 721
225 339
708 280
513 286
788 656
291 344
384 214
112 747
629 826
189 925
996 531
140 691
768 844
205 403
478 921
138 92
430 732
992 281
578 990
564 669
16 655
881 34
163 624
996 192
636 319
558 722
512 111
419 683
596 925
694 778
477 804
272 967
825 676
65 844
233 534
437 182
720 32
756 998
578 386
562 831
872 251
526 866
344 308
87 580
803 772
610 531
732 507
84 446
268 517
35 786
365 404
688 684
911 834
464 918
368 104
170 690
613 622
50 476
70 923
752 206
1 672
10 958
415 357
877 442
201 809
859 966
184 729
173 307
763 447
505 419
588 514
638 392
412 808
420 483
439 1
166 763
988 254
590 606
221 201
480 461
153 89
617 540
211 335
656 64
949 849
246 247
662 234
352 247
150 318
154 949
968 449
140 288
510 328
58 73
298 600
832 560
525 755
985 770
313 777
769 1
370 374
405 853
599 875
394 198
916 71
148 41
964 203
659 415
256 154
555 286
423 38
650 102
707 107
263 569
249 695
530 720
158 273
566 178
881 684
223 309
116 699
892 36
379 91
489 527
74 935
881 317
679 70
699 652
227 159
795 678
344 353
697 775
75 467
612 10
631 254
578 486
482 307
602 480
308 363
381 779
972 178
762 746
728 438
673 267
786 42
823 516
806 41
511 829
316 829
302 504
969 541
933 186
526 628
369 941
988 392
200 521
737 666
40 182
334 568
615 844
934 943
406 116
562 502
988 444
897 472
679 889
866 832
118 701
965 924
396 408
197 34
326 846
366 747
888 359
905 917
926 521
12 249
589 753
805 948
24 663
41 607
922 240
46 296
230 5
693 691
642 243
456 66
438 86
976 649
560 840
337 321
715 593
56 663
516 863
832 540
929 502
158 960
585 372
474 285
114 450
556 179
684 120
707 101
91 900
767 725
608 162
595 924
393 930
985 568
508 99
988 693
385 518
781 720
941 521
655 815
894 571
193 61
271 54
171 130
137 54
85 328
51 600
582 916
701 724
195 665
380 395
511 755
811 451
703 241
854 103
911 996
364 919
968 674
812 943
223 53
299 516
708 744
436 427
661 830
796 91
869 955
526 116
437 783
387 118
886 214
135 652
122 387
875 323
173 891
657 37
612 820
108 193
1 537
538 288
612 158
139 1
325 64
383 350
426 937
580 714
193 758
583 449
148 574
116 490
247 869
71 642
827 224
314 917
166 703
328 41
397 398
24 354
210 181
214 533
449 137
107 583
642 838
975 766
684 92
977 494
794 556
45 406
674 454
401 682
733 553
129 859
722 314
600 994
988 665
882 180
497 146
423 238
741 127
190 207
621 514
488 491
566 378
971 502
509 555
384 678
424 627
151 736
479 151
116 755
100 216
198 709
380 312
330 581
521 180
389 204
377 479
6 194
437 720
866 482
317 442
209 593
174 541
119 591
568 104
808 567
346 666
240 169
208 663
407 169
815 284
799 891
14 501
880 409
666 556
919 306
540 5
905 384
999 608
31 658
268 320
605 553
625 171
952 997
203 285
166 355
539 199
387 82
902 439
641 875
549 930
164 128
629 340
259 172
61 264
447 819
800 408
305 862
70 94
520 775
705 285
444 359
62 690
781 96
430 182
586 8
35 258
606 975
218 916
421 529
340 679
947 505
182 326
609 234
416 540
41 518
36 271
920 410
719 10
582 828
29 578
28 955
803 103
660 484
384 215
388 743
814 869
163 626
439 992
393 792
581 823
806 868
590 63
205 99
725 796
851 593
712 137
200 381
419 733
955 511
525 769
711 686
17 966
91 245
864 947
131 941
281 653
657 758
855 143
713 690
695 614
315 946
424 623
613 937
685 588
156 190
284 491
252 50
324 996
60 578
955 842
796 334
708 514
514 955
734 518
97 707
313 510
846 656
282 631
87 174
877 6
201 637
948 321
498 693
351 227
283 67
232 89
137 370
438 749
94 670
151 200
189 117
136 383
908 965
452 828
655 328
911 754
266 626
68 442
383 48
455 615
539 80
776 318
540 271
800 420
729 322
433 141
647 460
936 36
991 710
741 831
61 413
50 142
382 203
664 686
720 1
560 591
944 750
177 17
782 534
469 793
573 303
637 929
477 382
923 588
799 177
436 21
396 708
749 818
992 105
168 635
847 165
723 491
689 15
376 254
710 679
345 881
237 707
3 372
292 516
8 895
580 183
11 116
51 899
326 832
879 357
664 874
388 618
355 537
337 6
745 129
284 523
505 824
859 921
294 240
51 673
71 710
894 653
732 312
533 441
954 438
21 661
722 258
794 919
820 907
177 959
414 956
971 545
458 756
129 572
596 946
798 966
602 207
6 515
397 599
553 897
751 994
481 942
526 972
213 479
18 159
350 856
463 667
412 427
379 805
492 249
243 690
539 496
756 874
337 307
597 298
781 403
566 767
308 283
401 79
235 441
320 185
138 522
717 722
448 29
819 62
16 305
198 201
880 48
184 519
994 40
207 309
409 358
273 993
636 597
909 17
288 549
473 623
607 308
55 425
44 630
481 52
173 278
545 643
279 650
508 875
364 391
81 767
832 81
411 920
948 879
111 559
19 917
499 265
444 414
664 569
738 502
261 661
797 995
814 963
174 354
185 907
120 176
893 971
824 814
741 279
651 243
923 886
263 233
855 371
124 767
984 840
760 87
458 935
771 682
367 85
669 459
7 124
807 757
379 427
436 850
147 289
369 337
1 272
777 954
816 912
308 714
567 349
570 227
366 6
479 813
588 451
772 522
276 985
960 890
868 83
261 11
946 773
422 619
551 94
532 272
834 974
997 386
985 330
717 732
824 72
346 788
599 291
18 966
749 114
877 61
289 444
222 498
683 780
955 995
260 235
961 98
688 742
506 65
397 430
844 281
61 1
562 550
799 791
340 200
967 477
970 323
917 824
972 437
331 263
424 99
188 388
190 590
766 937
658 157
1 751
643 328
96 313
852 210
434 919
92 735
828 75
900 712
724 20
318 751
47 289
550 696
697 852
761 9
550 424
709 489
2 21
741 984
337 386
482 749
563 684
162 751
112 626
385 52
443 250
502 276
423 120
251 698
851 342
615 209
567 18
219 128
988 667
477 975
204 649
950 9
875 225
223 729
355 593
465 440
968 248
73 980
699 888
142 398
299 22
506 574
622 352
829 922
901 381
927 903
831 252
172 943
321 355
673 246
497 98
388 215
139 609
13 766
397 671
324 897
734 920
192 623
263 806
786 849
18 231
700 911
557 830
184 370
577 237
260 207
502 110
597 259
187 514
294 858
264 281
773 664
244 576
1000 914
505 20
930 280
218 883
83 307
946 79
340 450
838 449
74 146
819 368
850 499
922 996
927 755
65 902
665 443
734 129
365 802
168 354
277 320
391 184
619 67
527 764
306 464
550 567
275 867
784 974
426 797
723 97
600 276
343 557
242 549
793 915
996 654
138 376
46 353
598 914
414 389
723 140
422 944
629 824
337 441
595 136
306 645
181 311
494 273
555 534
239 225
955 272
595 889
851 483
854 518
637 398
34 27
935 323
348 447
595 998
778 138
137 258
921 857
428 263
730 643
162 676
698 485
423 60
46 797
587 999
436 953
772 563
403 48
355 811
527 299
656 960
990 627
114 259
933 358
702 263
604 573
364 826
330 614
367 577
264 72
146 20
535 978
573 285
264 215
122 887
375 424
105 867
92 835
971 64
19 335
875 492
473 880
275 83
437 981
645 272
761 389
374 960
584 894
14 321
805 90
679 625
188 76
889 297
373 120
619 880
1000 910
178 118
182 662
366 470
990 233
224 408
611 788
169 265
408 719
597 841
376 323
528 704
315 511
273 475
58 531
399 540
210 161
305 970
892 906
362 141
348 936
554 527
426 878
387 764
247 146
563 887
259 667
115 892
957 563
137 866
192 499
266 838
84 705
529 980
348 206
258 696
331 920
689 135
979 852
907 211
528 140
646 700
704 461
157 385
105 80
427 173
419 410
448 444
974 72
997 937
245 916
232 365
858 417
896 142
401 736
738 791
354 704
285 110
307 714
418 305
994 784
601 754
910 833
440 88
313 206
939 14
635 927
394 393
12 968
470 116
492 468
170 80
706 190
962 212
428 664
549 596
17 707
863 372
21 999
833 289
570 512
240 355
666 835
313 537
436 693
448 368
733 937
624 761
17 493
624 355
94 237
687 792
228 874
748 858
969 515
515 651
344 223
986 530
257 568
330 94
12 539
207 308
745 885
924 698
986 645
210 486
132 651
295 945
131 912
888 651
83 491
28 568
247 676
586 510
212 460
373 382
512 848
486 951
378 548
16 111
642 431
816 454
802 553
361 303
235 258
129 433
957 599
814 960
926 670
304 185
68 162
784 243
453 488
332 751
225 409
44 187
561 487
194 712
633 880
516 857
441 353
439 954
870 506
417 216
642 787
828 970
152 27
595 817
637 438
197 757
474 394
261 186
722 340
928 571
506 539
16 713
312 208
241 286
186 745
708 790
398 258
60 805
521 269
378 448
394 429
773 239
83 877
378 307
765 677
299 745
448 301
636 182
307 635
312 780
95 3
406 746
78 887
355 174
728 404
873 685
218 634
826 893
593 542
488 506
954 734
376 411
279 62
961 131
504 978
892 637
922 970
86 944
629 382
41 253
188 116
746 570
809 270
175 366
657 27
574 416
922 897
143 43
265 886
182 425
73 189
511 279
639 107
641 600
895 509
310 301
844 813
993 109
484 846
504 398
340 764
235 494
73 415
555 783
239 494
404 785
421 861
334 470
238 490
853 954
644 627
50 953
841 898
201 291
475 140
202 588
601 937
798 304
379 616
770 305
837 809
266 112
430 711
107 982
920 205
232 671
722 976
347 148
940 135
302 920
873 188
17 984
254 613
518 108
756 751
666 29
221 109
564 474
964 412
768 175
808 908
56 241
819 722
868 112
517 246
318 17
302 890
273 656
114 165
256 610
973 299
636 107
215 616
808 682
627 664
477 513
96 976
173 776
264 60
356 386
433 731
216 277
895 639
795 853
338 728
54 774
86 366
532 636
381 930
991 441
832 478
771 954
968 354
503 627
35 15
226 196
41 72
691 2
161 871
145 410
933 449
495 688
630 53
832 252
117 110
46 170
818 899
302 16
815 443
53 930
22 147
98 269
649 619
444 353
874 506
748 471
109 651
40 430
59 154
26 65
637 585
272 193
107 648
19 972
495 775
386 345
727 696
33 916
513 482
418 870
145 998
111 727
206 249
655 393
896 389
662 188
297 844
127 558
917 98
422 512
637 397
306 789
699 790
992 284
465 430
668 863
318 320
689 348
30 84
12 711
949 162
487 807
953 167
518 185
760 663
963 26
380 120
48 642
30 374
638 747
180 391
364 676
990 624
739 944
958 146
100 254
119 178
755 442
207 799
777 60
445 150
851 911
159 948
695 774
790 810
668 94
481 610
193 86
514 808
242 861
75 22
800 105
703 696
32 195
640 514
39 512
278 344
89 263
135 316
331 305
683 629
64 195
915 901
922 854
904 757
942 397
191 955
343 896
532 997
573 207
818 54
693 954
514 287
76 908
700 783
335 221
785 84
875 952
602 784
241 932
872 834
199 766
605 96
509 75
770 471
755 655
537 448
116 83
813 19
853 882
82 709
189 953
333 238
10 211
231 531
750 513
295 310
103 729
299 179
46 604
360 419
358 658
894 288
203 607
41 207
495 479
522 217
485 277
198 982
162 216
290 261
897 363
815 813
525 803
414 930
164 977
932 827
755 376
315 811
716 673
228 431
911 28
114 15
551 5
385 842
388 63
337 593
506 440
848 18
18 44
539 498
190 886
919 263
478 77
952 274
243 968
490 615
922 311
509 627
463 808
283 478
966 177
434 30
880 50
790 387
368 230
559 66
482 882
467 154
452 590
144 151
677 51
236 293
308 938
809 139
26 231
559 51
687 238
959 113
619 236
14 636
71 629
19 806
774 806
611 896
426 944
151 317
230 478
358 227
700 504
514 227
864 356
572 45
929 38
488 274
694 504
966 381
948 792
718 498
447 998
296 671
794 386
897 746
525 306
366 968
663 676
426 613
98 902
727 465
660 414
344 593
794 676
427 853
837 258
15 634
112 901
68 976
159 443
238 480
263 393
671 284
674 16
103 718
54 310
3 980
835 31
525 839
929 70
424 922
206 540
284 446
5 73
124 189
414 553
398 434
134 408
356 280
659 11
682 168
847 886
848 176
332 498
817 875
782 199
925 816
43 751
155 425
394 799
514 784
217 144
679 474
938 40
520 417
80 616
769 900
880 463
957 69
839 161
202 38
844 761
459 986
211 272
546 334
377 52
140 240
738 199
921 477
829 252
979 211
411 399
909 132
947 369
197 114
294 946
886 358
486 80
897 757
500 84
380 546
714 270
112 628
760 192
64 759
603 538
242 654
975 330
870 20
675 6
331 228
418 37
383 343
8 825
284 990
968 107
695 200
451 174
637 89
431 910
214 266
785 996
627 95
699 890
846 255
59 539
561 893
176 169
160 946
622 358
147 172
789 869
522 96
671 385
787 380
220 957
459 223
901 396
100 219
375 67
341 223
531 899
570 999
284 49
809 758
848 156
377 492
735 815
892 333
553 761
19 309
477 689
990 977
937 235
633 564
792 806
759 140
65 416
598 266
691 404
399 263
60 253
240 916
875 522
422 620
793 597
889 508
72 546
235 30
309 827
805 134
336 887
491 825
166 332
92 451
770 184
182 417
488 592
784 173
609 88
885 315
888 17
119 843
16 854
534 392
580 800
923 643
543 106
430 625
343 400
824 471
145 775
148 162
3 737
423 472
6 192
525 604
855 309
860 365
807 438
279 965
341 544
474 67
203 515
935 466
445 578
392 338
379 194
632 372
366 60
243 435
512 18
587 630
398 507
976 215
151 513
722 575
670 896
381 754
57 804
665 933
906 409
247 233
48 993
285 972
434 390
9 794
179 486
865 731
701 309
316 789
613 537
504 557
670 592
787 852
735 10
338 588
709 619
196 946
216 16
531 347
182 741
445 345
853 332
841 396
568 724
143 918
470 90
847 507
563 973
326 768
274 946
280 523
351 672
444 262
638 396
585 768
583 501
948 662
36 72
610 437
314 886
906 594
616 862
619 33
675 275
767 249
160 883
757 435
320 575
799 178
242 583
576 363
745 356
672 830
859 764
914 919
220 213
243 83
615 283
985 774
784 439
141 742
185 846
628 166
591 338
594 18
461 9
10 163
747 560
58 183
812 492
564 637
431 582
789 591
567 378
949 451
977 68
720 226
501 703
267 655
755 488
29 137
433 768
53 259
147 962
669 985
765 624
472 793
401 179
61 905
88 793
565 265
531 153
311 705
866 280
79 549
134 878
752 159
362 936
348 586
408 783
411 979
562 656
835 668
74 502
406 409
468 194
269 943
787 590
827 909
184 761
526 297
175 453
698 658
201 90
168 173
61 446
407 662
718 576
295 657
832 963
462 130
10 515
945 164
693 782
405 167
777 454
24 667
373 414
16 783
180 747
49 879
339 403
396 634
110 466
770 299
461 92
816 181
745 209
746 186
324 468
627 213
367 86
258 998
479 520
635 750
7 225
390 235
297 940
439 602
565 330
85 626
546 228
582 750
270 476
586 741
860 452
884 450
668 567
318 488
30 316
161 51
825 20
698 266
213 154
95 734
816 753
284 447
750 94
74 967
77 720
341 171
804 821
713 984
56 53
350 827
338 867
138 551
783 181
569 249
74 697
570 546
934 3
437 617
702 63
457 824
193 29
492 855
443 685
775 996
347 788
995 896
299 905
285 726
91 621
317 229
155 246
446 987
340 58
325 810
472 370
218 666
257 718
692 808
785 122
691 89
250 299
89 751
401 731
581 394
943 887
490 397
145 734
143 895
348 995
679 793
791 163
633 91
245 357
582 108
743 59
750 877
698 60
704 361
577 541
712 804
829 790
290 134
861 477
992 20
884 98
67 328
231 709
659 652
606 531
171 468
168 709
977 337
957 859
267 779
24 798
570 416
121 79
457 745
414 217
642 612
93 342
264 738
172 795
109 368
492 632
882 176
352 336
872 486
212 911
267 582
972 897
129 633
721 135
460 109
119 168
30 683
750 122
18 339
501 536
427 397
265 506
324 787
143 505
222 322
32 546
265 331
14 78
535 568
134 679
762 691
517 494
206 547
574 145
355 349
529 272
624 914
224 282
643 280
611 108
54 516
891 748
415 652
2 291
356 960
880 739
92 702
735 836
370 824
576 243
225 27
26 220
546 791
233 496
879 905
291 144
455 925
828 473
6 645
312 114
818 227
628 318
386 343
940 658
79 198
926 581
31 99
254 120
515 302
185 599
846 284
226 446
758 568
135 193
836 850
159 207
876 595
862 522
23 652
730 620
927 202
513 130
91 442
571 116
99 919
922 470
820 669
20 101
521 536
81 17
897 809
181 214
437 646
447 183
436 900
267 610
950 677
220 898
239 451
691 567
543 574
216 469
967 866
734 635
241 6
441 742
708 526
696 78
215 526
21 817
392 852
890 268
928 33
400 394
863 51
320 337
784 544
801 390
360 690
936 379
579 537
429 930
765 830
435 305
700 355
874 570
446 915
705 783
805 40
934 900
844 598
518 839
631 714
335 441
338 367
448 211
1000 768
196 593
947 315
197 806
741 827
858 692
418 678
535 113
277 353
171 930
278 922
139 320
210 214
884 900
442 147
836 807
999 469
676 904
480 433
357 149
716 101
847 977
384 183
495 251
376 881
929 493
915 315
57 282
129 229
831 450
506 915
237 993
397 881
641 243
295 22
752 280
336 77
636 344
484 989
802 422
509 638
440 91
114 557
902 149
389 110
228 474
843 751
420 692
99 335
654 962
356 358
798 853
105 546
881 646
184 207
989 350
65 220
490 506
364 936
402 141
173 531
549 691
17 482
327 197
165 186
773 827
439 976
759 198
855 723
880 421
631 906
464 545
916 853
848 899
444 86
47 43
531 374
770 962
939 749
946 131
640 782
201 968
933 391
832 387
279 245
652 369
600 2
652 554
505 322
474 819
813 706
158 521
954 488
760 311
924 714
228 757
245 305
282 301
267 435
362 127
190 514
439 145
850 216
941 47
781 661
743 103
447 698
675 415
513 296
16 768
804 249
625 780
771 396
519 278
598 985
591 128
24 442
997 889
618 110
637 450
655 743
896 254
110 322
55 327
160 569
747 543
717 507
370 230
850 796
958 639
941 305
275 457
973 34
997 172
636 380
357 333
622 315
878 161
509 514
99 282
742 624
925 48
74 964
436 227
347 472
756 948
761 774
902 768
800 838
618 949
252 347
290 632
313 457
8 441
726 55
503 330
489 776
86 905
459 992
665 781
492 104
114 566
688 873
925 796
809 971
202 480
979 503
264 496
853 402
899 214
757 822
294 540
758 17
473 351
64 13
692 903
306 198
770 857
22 138
919 120
575 970
534 9
328 481
370 667
448 928
638 453
620 816
822 540
771 206
849 722
741 964
542 655
796 651
634 264
819 730
142 830
775 895
922 209
284 826
525 340
859 694
290 135
110 636
983 873
951 207
497 986
6 218
300 451
149 997
950 13
38 715
224 749
902 416
480 583
104 851
582 696
752 943
414 222
403 501
372 588
543 514
843 585
556 833
364 777
213 290
413 288
949 414
661 522
574 805
920 652
961 288
661 595
7 648
101 437
269 417
234 926
556 615
230 894
194 288
3 246
820 28
658 403
493 788
973 522
406 757
528 939
880 414
83 729
985 245
17 59
255 511
93 496
539 218
687 66
579 717
763 312
827 583
629 351
814 323
672 360
649 97
969 314
842 8
457 110
261 934
409 211
652 313
836 558
788 969
610 431
349 441
633 118
710 914
490 113
793 998
44 344
335 875
267 507
343 332
737 129
758 569
301 216
361 117
270 857
55 489
702 892
121 533
451 132
586 969
73 666
343 484
84 276
646 871
704 532
447 464
521 738
604 245
437 202
129 777
155 777
324 700
495 309
722 283
171 35
209 244
82 634
122 703
564 522
581 596
786 636
843 629
56 801
347 354
185 387
630 799
333 868
649 268
868 896
246 532
564 441
765 264
656 964
679 88
919 681
167 132
8 275
694 703
717 886
983 820
43 779
708 527
681 975
731 678
241 635
626 432
752 128
701 450
393 441
342 884
916 243
351 238
514 726
678 77
202 154
298 393
283 503
285 669
514 585
786 482
937 86
33 264
95 378
297 311
766 997
161 768
933 482
403 831
79 790
460 820
504 892
286 724
662 787
983 749
359 151
767 106
70 206
625 517
40 397
227 993
451 437
123 816
348 91
779 307
77 388
187 204
447 278
858 651
964 19
177 327
290 62
480 656
439 690
428 336
694 95
492 675
533 83
993 598
262 971
695 419
953 192
461 361
484 990
232 15
272 906
517 976
332 26
848 999
726 334
428 517
512 240
259 625
482 346
719 524
658 313
109 762
961 292
631 244
209 515
228 313
545 233
826 754
70 735
986 467
950 851
460 491
869 897
274 938
106 643
204 992
136 256
196 912
568 259
736 741
166 428
467 159
451 738
396 161
531 486
210 647
69 192
822 902
753 539
51 634
370 833
435 603
555 918
365 998
135 874
283 639
427 680
391 13
528 93
106 121
770 438
421 822
779 428
543 159
196 10
380 767
343 485
295 326
613 455
525 529
929 392
858 542
417 220
936 720
974 424
868 747
209 18
954 924
247 367
793 395
545 314
85 194
431 725
290 663
350 543
61 600
668 416
171 248
636 492
531 984
935 250
630 758
411 796
302 717
839 350
787 67
221 899
422 154
289 439
925 706
429 496
914 803
238 637
636 912
729 114
40 777
761 321
875 313
640 892
511 61
724 388
302 248
268 440
454 471
859 468
796 998
671 522
230 366
140 66
61 911
325 74
37 454
185 927
244 190
301 465
28 655
13 349
732 923
206 374
20 766
811 669
168 425
408 344
262 343
689 249
607 707
90 582
417 414
720 721
810 907
63 905
799 5
751 508
236 863
423 305
361 62
462 297
300 444
431 794
893 91
822 89
497 938
730 680
767 759
501 851
66 304
854 729
712 226
642 533
775 339
67 134
17 621
128 258
347 438
206 639
462 997
535 332
811 931
534 777
943 429
242 307
338 946
941 777
530 308
217 983
649 810
662 618
276 728
687 998
433 735
406 650
544 471
249 343
74 298
458 205
657 215
668 72
852 797
192 992
3 520
198 251
571 895
862 146
821 620
936 447
701 97
667 49
631 736
27 926
87 75
66 696
166 583
478 437
596 248
10 743
525 4
766 680
162 554
92 303
553 203
610 428
258 505
25 482
60 885
406 161
796 633
818 225
70 370
679 908
520 619
23 936
340 540
340 98
607 702
846 354
228 541
410 462
693 757
417 442
669 515
590 871
595 143
730 618
784 334
306 702
59 858
888 242
29 894
266 16
530 965
103 557
824 602
825 775
203 695
348 436
776 306
632 676
534 600
367 249
544 984
195 424
967 574
935 92
765 263
184 70
627 346
612 398
621 328
217 898
825 195
811 496
406 948
462 880
692 405
473 89
381 864
493 870
350 241
708 671
503 269
201 615
187 948
294 1000
977 682
924 87
653 687
411 12
286 936
902 363
680 723
221 749
979 449
910 145
753 796
269 801
311 412
277 540
852 160
787 567
685 532
574 493
723 949
637 775
191 935
361 532
303 729
841 258
325 113
358 489
790 197
283 645
897 641
19 895
496 624
685 290
281 100
745 591
407 764
429 100
288 876
491 951
370 572
939 923
45 20
338 30
141 513
80 754
996 687
202 330
766 49
401 191
383 963
332 599
153 380
584 184
659 710
437 188
945 889
360 423
107 356
237 991
682 636
77 118
651 939
104 222
930 126
345 390
888 394
555 279
572 678
644 572
575 270
712 314
5 139
890 733
263 583
280 730
379 80
273 707
289 451
101 398
172 690
147 967
829 703
223 208
277 237
302 545
996 715
531 45
34 623
130 622
95 42
955 989
691 307
375 298
658 472
930 661
36 580
463 278
137 433
357 831
388 345
355 262
716 55
784 255
649 884
887 316
377 435
32 850
74 501
365 562
870 593
235 74
566 898
97 173
403 858
586 507
292 98
168 144
751 398
886 286
210 791
563 809
590 530
277 131
940 709
543 151
422 787
793 989
287 134
528 94
712 779
511 794
119 748
873 280
339 404
858 620
197 990
367 482
341 643
12 421
106 280
937 900
831 480
834 516
617 940
223 624
519 71
603 510
641 221
811 141
774 19
664 825
778 478
816 869
446 160
859 153
953 76
647 688
6 312
582 911
489 799
602 278
755 991
137 136
798 695
786 871
848 933
284 88
32 33
584 590
17 307
159 904
627 560
4 79
995 52
578 116
763 48
375 270
744 31
880 372
113 283
512 186
232 352
123 718
674 690
35 672
933 71
682 345
957 65
1000 956
793 637
558 959
573 808
430 50
805 238
572 239
59 260
502 448
658 896
315 239
832 947
603 880
69 52
54 648
535 187
558 8
121 285
504 403
533 982
688 725
348 28
957 630
229 271
50 946
881 848
533 839
738 519
280 915
813 87
889 913
259 797
20 989
457 541
332 927
902 279
3 935
157 324
177 654
875 563
367 119
684 91
893 129
744 502
897 294
60 992
719 627
523 172