958 2528
835 42 1000
582 110 666
229 392 575
723 741 133
345 375 910
850 111 100
718 479 635
591 344 137
113 922 767
435 899 812
20 917 395
607 190 728
799 802 993
182 280 780
380 399 28
757 46 516
171 276 4
356 549 104
360 817 251
925 120 357
461 271 104
52 614 640
755 96 107
322 789 288
458 333 459
778 17 505
768 114 486
510 480 703
110 893 34
467 825 598
646 767 316
907 279 733
270 40 357
50 201 661
827 323 722
589 331 36
124 765 245
871 698 455
709 417 47
846 557 753
398 220 560
422 452 962
260 293 821
230 922 844
177 249 494
929 66 981
189 548 903
954 569 903
495 586 13
705 607 571
906 436 26
113 510 224
759 271 399
471 389 33
479 526 629
864 793 470
8 763 286
431 720 361
338 579 613
419 665 887
239 805 732
98 711 915
620 439 906
820 417 938
158 692 374
780 574 75
719 419 451
773 537 906
755 896 300
439 706 941
17 520 908
863 76 693
575 254 863
872 642 865
322 951 406
952 196 223
159 654 373
676 915 129
572 619 664
853 927 648
910 213 283
216 807 76
562 368 699
625 229 763
297 221 262
789 573 480
697 609 753
165 942 735
361 276 883
30 404 767
673 400 555
591 795 857
80 616 33
38 760 596
594 878 531
514 860 94
929 354 750
443 786 878
947 205 830
571 40 524
112 454 359
889 688 141
551 571 808
689 261 979
615 8 597
99 214 62
571 218 948
317 895 66
168 403 928
530 357 900
869 958 299
39 231 675
17 141 515
811 142 854
207 153 21
248 249 971
858 696 286
323 917 964
479 567 891
607 409 98
553 327 940
310 377 439
898 212 438
271 430 871
933 27 833
285 910 401
6 206 798
388 50 498
717 547 231
427 925 219
843 615 466
314 145 619
612 149 500
16 11 729
737 493 405
930 633 341
179 154 288
272 791 423
195 751 637
677 495 114
91 871 121
70 598 385
124 432 909
448 433 544
460 528 260
271 626 724
178 400 340
479 719 169
947 190 687
875 628 769
2 542 970
883 281 141
355 59 153
686 643 117
399 613 112
582 9 233
40 346 832
438 13 102
812 32 296
424 321 735
432 350 167
194 839 722
949 347 708
426 774 921
87 873 27
353 483 821
837 395 213
738 903 891
170 852 71
472 751 470
122 831 567
677 164 454
570 510 700
802 128 308
227 2 999
716 286 443
424 654 560
895 275 338
154 714 613
48 26 142
32 719 594
53 108 129
17 938 544
841 470 777
878 695 355
910 422 543
662 819 715
802 651 101
57 774 66
14 938 282
886 870 640
565 203 412
496 950 563
143 376 319
829 110 305
421 803 247
918 513 451
252 168 963
786 311 365
823 923 329
292 93 258
773 921 524
669 686 806
776 430 301
864 442 822
135 433 744
559 752 782
69 191 632
940 316 199
935 311 818
414 56 614
134 226 622
9 881 198
312 752 675
396 617 37
153 517 755
663 493 466
838 160 159
779 810 114
923 167 958
140 736 154
918 360 825
735 821 386
691 270 122
664 374 204
24 665 649
282 824 917
654 550 373
237 947 678
42 355 18
759 526 826
153 696 533
181 679 69
217 667 857
877 615 62
890 317 827
518 459 813
667 523 85
585 851 522
702 222 561
798 935 23
597 894 642
800 468 10
259 374 750
349 916 193
958 816 829
112 605 558
238 886 597
161 85 137
594 391 79
671 882 150
640 171 51
807 609 365
219 362 578
394 866 957
213 652 662
824 65 239
23 441 195
337 452 839
315 29 688
785 865 387
840 293 235
957 81 582
357 145 370
250 423 970
527 867 260
379 270 649
536 409 524
857 82 617
500 515 793
86 495 576
177 157 894
733 620 2
48 729 887
148 185 431
82 283 165
938 922 754
420 613 791
822 778 609
272 648 437
557 205 79
808 62 374
632 70 114
525 142 49
53 610 687
438 349 72
891 690 847
255 924 510
865 397 513
122 704 311
944 480 96
876 48 5
77 163 702
110 4 694
142 143 422
331 826 564
66 609 936
165 912 196
715 704 390
941 396 707
274 736 866
544 241 494
482 297 689
98 713 682
880 855 236
907 814 707
491 741 599
370 690 986
369 493 391
247 72 740
406 1 879
71 808 392
682 313 911
286 788 227
442 798 163
606 221 485
288 823 729
106 533 526
943 661 158
154 223 963
44 263 621
431 873 334
280 8 628
446 592 331
862 938 970
936 92 511
300 728 659
371 479 666
135 868 322
306 734 590
246 849 517
169 172 232
124 430 83
211 577 698
43 567 661
687 609 990
529 563 371
331 663 486
917 491 379
32 709 363
848 732 463
36 21 826
761 607 323
79 170 865
875 372 749
244 331 552
101 772 633
738 802 978
314 556 910
678 213 635
767 256 951
507 72 401
566 773 166
19 808 414
326 684 280
648 558 953
416 297 571
523 683 387
346 866 307
916 44 97
143 597 831
813 843 802
324 480 748
166 575 498
703 617 992
886 321 216
23 729 19
869 120 121
667 537 10
199 487 688
485 79 221
864 148 838
730 925 718
379 462 301
487 753 396
816 80 708
929 57 384
614 918 418
615 396 551
37 309 100
745 33 290
43 474 180
578 954 341
718 618 627
127 334 982
851 714 541
151 541 440
384 405 201
644 711 378
452 734 319
837 41 111
90 653 911
70 256 69
874 464 655
353 4 90
899 605 137
193 922 892
666 729 972
831 806 731
69 833 166
549 114 14
409 550 322
612 262 69
792 219 583
819 219 734
438 895 376
53 260 312
167 736 487
854 814 216
181 239 841
533 881 877
295 856 25
64 952 996
481 856 976
843 703 53
709 336 952
674 109 879
114 570 632
695 612 894
14 201 534
884 409 342
654 130 560
958 95 935
937 190 469
725 420 92
666 154 440
90 542 570
243 197 907
373 276 132
355 823 680
857 30 943
633 380 344
707 394 822
162 122 290
339 56 707
639 458 657
955 802 342
80 730 7
523 112 28
290 439 353
753 220 567
617 530 790
732 227 597
850 260 409
301 269 294
725 134 101
173 128 262
717 758 590
900 699 272
653 626 691
466 649 544
781 833 966
154 528 572
43 912 596
758 480 817
608 915 988
474 799 773
651 869 962
529 938 238
831 76 898
711 831 606
221 922 217
53 197 794
590 420 82
671 598 360
512 468 730
772 350 678
368 257 680
650 920 38
877 730 980
540 223 172
477 905 493
224 714 349
928 361 787
812 879 486
583 726 852
778 888 737
598 430 459
909 365 359
18 716 697
74 768 359
796 505 419
826 189 41
404 197 193
655 299 149
733 666 679
788 897 610
38 870 6
385 32 493
931 692 186
330 39 380
130 185 215
140 686 107
933 812 869
882 637 857
829 939 49
337 936 434
145 128 884
785 563 641
96 64 772
835 905 373
91 532 699
210 372 824
195 624 475
122 133 208
441 617 969
110 711 23
426 384 543
598 611 937
916 534 905
937 487 85
201 914 797
729 50 900
87 540 142
95 676 517
674 90 432
320 505 426
841 743 581
652 675 663
132 700 687
619 627 300
863 152 518
634 537 145
468 841 412
740 753 533
133 761 444
360 211 980
22 252 398
646 90 173
954 826 530
177 789 66
830 336 227
958 839 536
879 248 148
568 635 695
924 747 707
392 54 694
841 24 416
123 733 299
331 188 739
833 809 95
271 424 544
576 846 340
844 391 18
489 438 415
110 843 923
706 415 113
451 635 774
73 145 81
341 382 978
30 25 629
877 798 437
474 892 793
125 405 695
392 351 122
239 333 702
736 121 288
344 135 471
711 698 471
47 400 847
579 540 236
682 760 794
927 774 924
44 187 794
135 834 372
265 773 141
84 680 365
509 61 232
117 603 654
269 162 70
183 617 466
640 271 249
629 916 841
6 725 78
102 936 364
633 467 269
358 548 867
61 714 853
825 146 88
686 578 608
771 643 444
85 15 508
410 408 596
56 73 392
476 674 177
126 582 818
894 564 219
463 327 461
348 730 125
562 725 974
573 121 578
187 199 17
244 664 108
727 737 772
939 87 203
204 349 884
901 2 778
123 879 560
740 897 462
500 306 3
701 58 208
295 948 582
841 368 830
424 320 668
823 169 311
45 199 667
424 545 774
680 650 866
560 516 492
80 349 728
865 677 981
213 889 786
229 35 551
311 441 728
871 50 702
833 414 87
109 761 639
168 654 646
721 439 105
269 469 745
62 408 542
294 821 100
683 233 558
194 355 391
607 152 622
532 160 335
819 557 602
138 782 33
229 87 164
633 593 785
280 759 848
692 879 585
851 769 473
377 335 72
714 388 992
872 566 787
143 254 119
424 297 849
207 846 669
321 15 489
367 516 29
477 461 515
671 483 845
621 77 797
66 800 238
356 923 52
592 64 255
318 417 548
439 14 907
656 494 533
500 759 412
579 89 129
534 652 145
949 930 815
524 307 948
360 812 316
585 446 89
66 344 27
821 166 129
887 567 761
542 329 724
60 708 543
112 484 143
623 528 662
214 56 872
754 130 924
4 946 827
612 669 50
427 581 883
538 545 464
884 597 637
619 881 41
22 88 564
601 135 368
117 612 986
663 295 994
469 236 93
575 514 442
748 917 459
442 246 48
152 217 989
211 188 139
771 871 26
134 816 79
544 958 65
913 826 717
815 909 441
141 227 791
224 569 115
413 64 231
848 501 804
461 414 260
886 330 661
132 867 629
447 40 136
216 754 364
804 665 284
289 111 644
751 9 212
100 186 352
887 682 226
705 488 976
182 735 680
443 703 291
795 503 530
862 537 780
611 771 677
47 565 781
245 638 767
55 786 299
505 65 418
867 77 321
300 612 40
885 858 874
62 515 157
864 193 698
661 322 952
849 877 326
787 809 627
511 317 505
116 276 634
49 430 152
60 857 695
348 179 79
129 275 735
596 761 963
543 840 232
908 242 913
818 414 963
482 5 613
747 355 749
633 330 899
770 341 495
162 836 485
17 889 992
521 289 555
125 751 343
373 312 55
719 3 677
155 733 623
585 498 769
393 603 383
508 22 519
339 415 962
300 850 390
746 239 515
432 485 878
586 432 242
337 105 788
581 340 468
283 904 619
369 718 23
635 706 82
427 810 598
75 308 781
406 621 105
112 941 137
815 226 161
213 308 839
579 537 804
708 314 265
250 57 549
916 834 119
91 35 396
917 670 146
502 140 675
638 101 509
82 29 581
255 240 167
291 778 32
187 426 573
6 429 832
681 8 877
8 570 255
733 928 755
16 821 853
915 59 265
290 57 648
478 24 403
599 882 432
414 178 87
843 612 928
654 469 293
132 616 131
604 485 238
831 97 462
563 168 28
554 367 83
105 468 420
809 506 406
554 953 682
135 681 703
299 306 988
214 641 803
296 490 430
44 673 928
754 715 716
453 126 583
155 349 999
641 351 760
797 501 411
556 921 628
429 538 99
799 722 915
767 261 414
215 216 284
484 204 577
161 255 702
303 357 941
658 490 337
494 360 958
520 140 807
110 143 966
667 652 770
107 545 938
871 536 527
417 565 26
171 608 881
26 766 471
786 352 298
15 184 800
193 145 883
726 332 234
474 329 915
581 926 220
568 581 943
738 186 770
928 531 849
181 597 524
579 162 457
163 586 712
741 541 588
338 526 800
563 55 274
88 92 846
494 63 780
486 80 831
522 98 158
338 930 923
270 192 334
165 342 334
663 572 12
496 939 897
881 944 896
154 70 313
1 733 597
815 405 708
203 65 213
513 221 427
760 889 396
329 355 711
844 165 846
755 279 312
613 254 582
47 20 899
824 31 20
389 404 995
95 865 416
671 113 563
615 767 714
273 893 725
255 424 34
807 431 132
761 791 575
149 745 782
78 267 704
160 476 101
344 317 117
792 120 599
584 907 596
525 17 744
932 864 971
155 530 473
214 216 567
781 155 606
214 433 718
942 590 384
485 810 571
608 290 915
266 377 217
97 942 696
553 358 669
535 79 849
282 571 123
152 854 139
863 57 872
392 937 24
261 257 386
296 766 99
339 1 218
576 879 762
111 900 805
38 90 345
150 330 479
160 721 691
619 706 408
39 272 50
648 718 841
576 409 234
554 377 738
723 44 520
544 764 566
691 505 485
769 549 804
824 841 343
393 944 716
403 325 539
242 631 568
396 400 230
421 548 920
405 505 977
190 131 19
682 830 15
780 934 143
868 659 651
398 633 808
495 670 104
501 949 670
212 542 124
266 219 259
621 141 279
478 867 557
135 916 778
935 733 70
87 181 681
752 622 249
245 392 650
283 369 428
631 485 615
292 296 117
510 906 911
223 208 212
385 863 547
911 600 155
429 674 230
410 806 119
128 100 52
850 58 948
571 825 380
668 492 144
735 10 579
462 927 151
949 341 584
240 471 827
228 71 515
647 200 572
287 299 400
670 336 734
255 273 575
181 818 324
822 908 7
871 315 923
88 951 341
627 714 219
161 450 261
94 882 859
300 765 352
278 776 822
106 608 213
914 138 416
31 578 538
441 911 817
660 318 870
144 920 82
307 644 801
469 484 485
207 836 407
145 902 189
547 409 8
500 737 153
608 641 259
809 665 878
919 837 861
655 384 524
305 547 904
494 303 581
47 197 575
186 952 344
324 206 677
503 675 299
702 731 528
706 897 622
925 240 867
282 191 1
695 806 383
415 554 204
205 536 410
817 703 606
500 218 342
142 681 328
568 16 223
86 365 449
476 384 840
551 957 68
831 919 921
122 444 206
374 907 915
742 526 316
691 33 601
668 665 329
113 132 362
87 57 312
595 272 23
177 415 695
285 645 613
836 838 280
942 947 624
573 518 383
352 825 177
397 476 329
278 589 324
539 892 641
537 885 310
144 282 94
657 549 235
779 913 895
425 685 326
471 331 562
350 554 178
159 488 352
401 201 777
42 891 56
385 958 909
282 381 74
524 791 41
615 870 608
912 624 886
453 289 280
138 66 872
479 251 228
364 285 160
946 917 303
195 907 339
706 186 335
139 494 613
714 216 29
321 645 234
828 590 155
503 742 315
487 232 171
47 884 528
566 607 890
890 240 617
739 250 793
110 564 19
485 477 265
426 597 343
266 358 277
729 812 881
321 158 962
388 571 284
370 134 128
946 266 797
71 698 218
538 502 613
139 309 713
462 100 924
483 603 910
642 832 210
903 52 709
644 857 997
711 806 359
669 25 939
194 854 454
37 45 134
490 296 152
584 571 544
819 714 210
87 485 97
62 552 13
831 473 658
490 216 316
620 799 829
349 326 897
861 434 124
366 347 448
381 184 304
892 922 549
389 206 774
536 97 620
580 377 93
208 577 15
185 507 440
25 187 490
930 513 745
137 844 996
847 542 567
527 588 684
280 400 381
90 460 501
203 541 36
536 364 602
138 245 268
466 337 422
771 676 454
153 694 532
714 383 198
366 289 327
276 460 123
644 208 969
525 732 579
220 259 115
155 494 260
269 728 844
722 368 221
59 619 863
54 33 841
187 83 706
712 599 372
184 141 997
720 805 153
118 5 658
265 136 880
851 573 695
216 546 898
790 221 780
644 344 770
375 330 209
86 952 973
915 914 536
767 936 829
632 672 67
318 65 637
346 741 187
658 612 30
459 276 566
393 301 812
324 689 603
541 543 578
231 890 436
626 879 656
455 261 128
594 172 63
62 720 477
394 592 790
519 513 916
868 67 189
422 376 739
329 938 488
604 599 781
255 510 777
162 732 159
2 241 854
907 196 817
403 402 512
185 71 227
296 580 502
779 280 540
17 904 249
873 735 649
84 839 412
850 135 635
9 932 425
1 449 964
746 902 381
359 72 315
272 682 959
373 535 380
593 299 69
267 121 176
249 758 178
78 694 436
687 375 943
512 42 862
177 817 107
621 918 954
734 92 378
107 162 169
755 876 64
761 594 915
303 106 596
555 829 572
151 78 335
144 809 449
459 88 818
747 766 137
702 100 948
455 814 751
734 337 24
707 403 176
514 571 753
843 44 530
203 763 268
417 925 619
610 205 769
658 662 953
427 69 918
221 394 461
581 458 626
834 764 770
70 520 73
36 9 659
184 644 613
306 259 887
914 925 192
127 932 617
634 329 89
502 835 389
537 74 799
134 153 775
304 181 575
137 752 769
569 234 464
393 747 841
157 931 963
562 785 664
464 138 70
2 233 648
156 415 948
431 804 660
466 231 677
622 674 38
78 445 982
774 249 489
389 857 763
478 267 469
286 819 804
90 795 494
316 896 116
548 452 663
848 947 485
138 215 550
241 12 523
376 929 564
458 154 336
281 669 813
120 688 360
628 94 725
779 455 752
872 835 201
259 55 649
348 271 991
775 100 897
247 498 206
111 694 30
197 318 646
386 4 118
50 214 656
851 348 50
492 137 401
467 765 529
456 345 568
934 24 565
137 200 81
206 47 526
862 362 756
613 106 34
415 934 544
422 595 708
10 9 941
468 32 887
629 487 573
190 376 144
923 242 10
790 626 866
327 332 106
472 608 945
835 402 70
131 291 227
820 352 397
188 425 248
603 605 271
734 763 657
453 746 909
689 584 527
208 273 657
400 94 181
908 790 366
796 353 320
706 451 533
231 631 567
951 822 882
325 446 965
681 272 230
494 568 482
637 110 530
176 437 162
602 160 160
827 371 499
831 571 853
551 951 270
417 667 588
278 620 607
274 854 463
737 409 284
748 865 917
101 423 92
878 571 448
850 63 927
189 440 223
439 937 848
64 678 327
116 359 675
728 85 415
662 503 684
930 477 678
803 788 680
918 53 272
829 549 513
748 281 833
541 437 411
247 232 307
595 845 645
480 810 612
935 643 302
356 704 434
387 47 389
418 762 437
666 699 549
763 721 391
90 515 771
3 352 110
44 835 662
535 500 622
770 1 725
771 333 204
488 560 657
70 43 213
813 241 849
689 824 520
35 620 826
765 36 30
554 676 602
394 880 860
524 709 8
937 523 784
882 613 214
360 207 648
787 151 494
408 387 127
655 911 834
781 871 917
816 48 823
411 851 126
260 46 39
838 369 782
290 648 919
707 220 16
614 595 937
478 496 185
190 621 835
422 88 177
627 275 687
187 806 834
777 182 876
334 769 916
332 228 965
315 169 227
308 93 704
49 194 225
184 555 461
735 457 663
853 135 485
456 838 4
181 799 364
603 926 371
209 156 922
73 678 338
841 824 690
950 631 90
887 357 901
28 370 292
553 95 716
426 411 217
605 37 330
679 316 546
95 698 206
128 651 611
24 444 131
121 797 800
526 404 87
437 868 435
727 357 977
86 877 413
234 724 865
634 791 543
55 119 183
79 231 110
358 948 48
303 2 562
195 785 797
70 399 115
955 749 271
762 878 796
397 560 622
286 853 835
9 648 582
796 147 948
488 233 462
573 724 135
148 12 670
929 917 830
901 181 799
525 345 744
500 436 939
768 477 789
881 790 532
312 214 214
669 114 188
587 836 55
46 111 659
187 952 477
124 290 159
345 1 366
445 334 568
17 371 200
688 806 22
410 236 805
781 878 385
4 469 904
220 114 43
125 656 101
593 708 972
841 895 674
351 511 166
727 33 14
281 732 653
646 833 583
429 744 637
578 649 260
467 556 309
313 140 670
335 652 815
569 881 203
95 716 541
770 37 857
13 761 637
113 523 690
657 876 20
480 681 135
678 572 411
928 567 637
798 580 751
545 571 912
607 690 400
120 157 17
864 653 19
359 206 97
815 470 906
312 623 33
44 283 416
596 908 218
326 351 464
564 760 720
482 34 667
111 362 553
647 29 65
193 216 872
637 854 374
868 870 984
922 281 318
273 845 95
870 732 266
658 697 502
450 659 616
219 505 214
21 520 894
825 526 107
238 854 191
872 124 337
316 731 807
904 306 829
574 43 254
199 318 182
620 214 372
711 863 792
424 229 289
335 474 274
801 572 905
778 538 582
248 137 787
157 89 711
208 161 593
247 502 383
388 452 284
773 70 915
770 583 421
194 796 296
888 265 120
927 391 662
59 489 289
204 497 150
58 409 986
700 957 153
164 378 538
105 241 487
902 886 178
554 224 537
170 594 978
433 824 925
579 124 78
320 836 677
499 814 797
456 657 505
714 579 371
648 788 182
500 704 79
260 35 439
7 413 645
692 54 558
321 350 143
857 50 633
521 740 465
825 142 975
357 334 94
100 623 798
901 438 448
922 845 772
394 759 618
79 875 379
406 494 507
946 101 248
839 278 63
384 709 47
793 6 99
427 122 185
172 27 360
312 373 584
417 144 92
354 325 554
255 849 129
170 836 854
645 336 773
487 901 662
156 290 786
211 288 214
802 181 791
496 882 530
132 633 838
90 623 9
322 60 841
393 639 777
844 373 591
250 894 25
885 501 971
438 958 510
697 276 467
165 864 240
532 797 94
397 527 603
777 722 217
854 546 630
189 217 238
760 813 300
25 229 953
265 694 239
1 667 82
270 661 335
928 582 284
431 197 329
452 58 862
247 679 358
22 898 851
951 175 707
755 711 41
432 773 518
206 552 952
52 377 945
216 103 418
442 330 284
432 396 669
57 488 453
500 315 3
894 104 530
437 473 479
78 795 729
360 668 72
667 928 928
327 172 413
313 343 712
713 871 314
625 427 60
354 884 243
307 424 654
655 340 566
830 798 543
875 467 939
535 130 890
162 563 941
271 641 60
238 189 446
429 743 171
516 808 674
401 807 49
521 951 535
540 68 69
19 218 473
728 428 858
715 327 875
859 345 509
617 813 980
421 377 602
43 638 954
635 884 36
934 749 176
786 243 184
657 229 557
442 27 973
659 81 345
73 797 438
456 157 837
437 83 484
716 705 498
245 955 775
507 48 357
97 800 191
281 332 226
696 2 958
734 630 323
240 40 984
131 475 972
598 625 570
803 110 266
654 341 267
233 154 522
299 554 680
658 883 284
664 552 32
420 347 827
181 124 758
200 617 27
304 196 737
647 764 328
322 186 798
942 383 920
422 765 477
902 346 355
806 820 400
703 580 887
77 457 867
669 893 10
528 759 167
231 641 916
461 654 124
745 382 387
909 235 46
411 730 537
382 42 528
813 68 399
724 818 953
218 581 454
388 500 620
958 700 857
716 312 186
197 549 150
949 229 244
434 330 703
528 869 181
917 137 611
610 107 429
771 438 393
278 820 603
933 464 370
566 414 963
631 793 678
525 348 417
265 642 678
901 858 951
426 174 229
329 539 528
100 526 860
479 473 600
500 917 799
413 761 787
70 830 425
830 398 284
413 282 69
644 509 872
845 847 83
108 597 642
503 943 128
512 211 153
891 910 825
246 467 206
789 257 173
79 283 916
159 328 416
760 254 462
117 620 101
836 405 390
462 585 659
203 671 130
819 902 632
257 141 484
731 55 980
874 140 398
318 183 491
627 37 222
101 327 767
191 600 251
479 738 616
650 381 724
879 403 942
24 713 122
571 347 674
752 90 32
216 77 227
180 15 756
600 381 52
637 569 202
11 671 983
623 627 528
847 618 744
899 775 461
493 25 202
179 661 195
142 403 503
33 277 565
34 358 440
851 918 699
781 438 12
579 605 258
9 14 992
15 498 586
7 908 996
861 790 691
525 918 10
142 468 805
409 184 301
686 330 178
607 735 973
773 380 99
229 261 657
746 594 788
360 937 996
830 18 711
753 362 703
540 162 582
611 570 265
807 376 126
582 151 147
366 600 398
831 842 571
213 224 44
553 209 604
318 257 966
487 346 502
441 950 243
477 328 760
832 26 342
789 433 61
955 140 191
146 465 398
658 783 766
466 840 592
587 267 461
204 469 187
655 181 461
873 153 454
314 239 558
504 63 131
170 410 424
390 843 219
290 923 325
773 650 543
807 221 288
756 800 917
908 592 582
226 435 174
955 485 139
393 37 518
228 162 506
577 268 204
823 847 827
573 763 77
361 766 504
164 199 516
224 408 541
189 354 482
310 218 764
786 275 333
50 233 889
856 547 962
218 708 821
357 169 615
601 417 38
573 866 466
305 56 647
869 831 405
392 403 620
908 247 889
856 401 863
866 84 671
638 142 313
555 484 869
1 373 13
524 16 39
84 507 192
709 850 891
323 894 921
425 262 94
87 780 920
233 66 772
86 18 988
935 522 207
553 458 774
595 675 842
810 649 316
19 237 779
233 740 51
789 304 874
558 753 353
145 617 507
482 71 778
348 227 937
703 903 853
238 907 75
211 522 496
737 281 687
436 689 464
218 857 294
648 857 757
876 168 455
163 614 102
580 327 966
126 843 750
44 116 522
63 566 902
120 903 986
840 921 514
770 379 853
7 149 19
473 564 859
126 8 384
104 220 975
402 637 14
149 406 293
167 597 334
131 137 311
679 682 248
305 794 325
786 463 464
518 872 339
708 253 783
518 830 470
733 421 760
179 317 691
675 201 375
276 738 938
238 321 370
694 270 385
487 787 263
754 508 543
857 222 41
518 403 811
863 9 516
241 577 116
133 337 720
583 15 99
109 76 402
58 523 969
16 321 571
804 81 962
328 851 152
345 611 854
600 119 534
770 538 438
782 197 812
244 556 497
527 670 28
519 162 718
690 172 261
128 191 341
260 453 590
421 830 788
40 684 200
894 887 526
328 935 87
81 789 213
909 486 588
806 18 887
728 465 823
660 523 221
299 483 689
945 308 263
390 438 646
744 499 770
401 521 127
726 710 609
882 436 496
58 53 100
563 733 342
110 210 759
204 168 698
918 877 305
100 4 423
842 786 357
28 805 952
119 758 707
689 464 986
735 301 518
713 19 965
724 484 704
775 736 305
520 281 748
254 655 420
135 936 164
275 242 121
477 846 482
680 254 861
49 622 938
449 376 717
532 345 949
828 311 941
628 912 861
368 513 420
202 208 829
398 492 249
529 395 749
916 317 737
591 329 508
510 682 361
456 815 146
461 515 984
753 188 957
608 703 484
643 30 721
53 583 483
772 89 749
418 295 398
644 937 509
937 523 156
719 340 499
477 765 267
951 699 362
232 210 468
909 188 527
713 378 276
718 431 486
789 299 807
80 555 177
709 365 305
320 552 991
138 795 531
190 229 531
293 930 680
894 893 897
233 738 256
474 96 999
856 892 92
801 658 41
537 407 837
319 797 106
531 720 482
662 137 524
417 351 607
313 252 450
621 238 968
663 434 302
231 347 244
218 227 939
152 168 826
572 240 528
709 561 742
782 751 573
77 631 46
899 816 78
107 20 425
411 423 478
625 566 525
29 457 387
169 184 77
400 22 243
509 374 859
672 539 72
664 659 58
783 445 904
638 314 994
782 420 310
705 429 804
174 355 116
841 553 210
652 567 500
50 353 875
434 800 476
646 429 999
80 954 457
617 240 418
371 776 255
771 166 255
123 525 265
134 716 40
891 731 929
175 604 863
841 58 406
533 239 789
288 174 601
858 653 718
735 876 62
460 540 29
739 263 645
603 569 492
126 454 386
87 811 413
90 587 645
529 815 767
192 70 49
181 334 816
554 309 845
526 624 183
187 825 527
491 57 619
926 685 416
541 340 342
687 398 656
266 194 268
175 535 73
392 409 241
790 283 151
184 356 512
742 866 72
373 237 127
391 95 762
111 765 574
771 630 67
866 896 721
957 385 909
583 362 564
691 140 181
888 576 328
590 775 574
515 124 733
366 320 598
317 473 987
171 905 92
376 681 617
768 761 395
65 574 231
646 726 818
206 430 780
416 147 207
526 755 989
352 577 296
542 23 599
897 174 494
809 199 306
615 428 744
137 174 703
599 157 794
406 523 483
643 364 326
482 202 520
576 225 126
925 695 730
210 288 729
500 472 825
452 958 198
925 775 673
749 386 108
543 846 439
927 751 53
22 431 797
384 660 772
3 790 683
852 507 331
590 665 328
744 640 65
244 694 756
424 926 753
386 449 477
693 261 867
563 267 695
18 519 795
608 541 927
582 877 955
214 557 509
713 746 143
47 787 614
423 400 984
306 737 711
901 578 516
364 742 861
164 562 201
863 562 325
241 498 530
766 176 304
33 215 384
873 771 316
855 423 143
746 338 5
372 539 835
908 43 239
463 690 309
744 698 760
636 871 847
34 243 338
438 55 143
94 708 577
349 437 635
155 610 570
348 830 36
742 116 380
569 701 272
137 457 80
383 119 708
311 248 295
933 83 23
564 545 30
563 747 28
567 921 905
491 540 949
532 940 732
942 859 331
585 896 729
901 912 604
754 914 623
148 40 880
691 254 247
430 867 367
750 812 259
247 421 390
898 860 94
132 707 971
907 519 280
907 41 968
856 706 639
838 168 18
370 55 754
507 688 489
342 364 717
833 841 666
856 925 367
78 63 328
557 739 182
947 356 99
604 482 417
928 47 156
343 919 962
638 231 541
695 259 3
596 640 16
791 185 651
66 411 763
29 794 960
390 50 837
945 520 450
129 356 304
248 677 7
437 541 195
117 361 572
468 293 205
19 926 923
627 160 649
540 228 180
804 958 879
515 894 410
641 762 27
347 388 220
833 337 268
537 765 99
785 95 469
862 812 591
615 168 413
953 411 983
830 622 917
812 769 378
67 905 728
176 768 615
395 925 797
87 553 239
565 749 330
641 358 855
680 704 929
435 935 512
161 750 267
272 855 570
669 199 183
248 515 178
212 245 302
241 205 96
626 20 421
940 427 556
404 700 8
237 850 954
205 429 21
443 651 794
114 543 242
89 132 40
713 352 14
11 471 140
860 950 199
84 593 632
291 387 736
662 639 188
209 385 294
321 128 433
675 213 313
900 352 989
33 849 69
951 883 105
335 242 84
602 400 754
773 949 325
643 367 460
324 384 837
503 120 601
846 552 722
353 659 709
383 756 448
256 755 991
902 426 581
339 882 692
411 746 13
362 390 584
228 612 945
833 852 495
266 520 856
913 354 587
482 374 184
861 30 598
127 98 11
864 260 744
238 762 255
674 732 3
756 700 279
74 499 371
517 272 40
50 102 125
58 545 32
92 624 921
29 833 212
364 513 876
346 188 430
583 611 899
75 35 684
523 309 587
712 37 869
684 244 529
547 363 892
768 491 542
740 856 120
607 754 844
491 452 4
701 373 4
330 723 573
83 66 421
174 26 681
676 380 402
815 423 525
372 904 177
68 109 591
887 573 611
184 956 231
853 486 979
467 792 505
410 948 695
204 66 378
850 100 853
88 479 922
556 6 481
417 75 697
641 7 470
591 604 570
237 860 261
579 594 572
110 212 441
889 50 254
260 592 946
206 712 626
297 565 919
790 753 731
397 84 204
343 14 63
52 16 753
123 55 391
355 606 542
370 95 788
610 529 68
397 91 619
754 417 584
68 874 409
569 951 520
55 54 628
3 480 195
82 828 153
369 515 664
921 949 275
212 90 105
531 358 193
617 545 267
65 734 965
20 161 507
160 15 395
139 132 152
198 284 108
757 719 905
749 752 637
271 4 376
268 956 368
15 307 897
443 719 398
147 316 188
469 812 313
914 382 542
882 901 124
826 317 359
720 262 720
616 571 776
116 507 238
797 288 34
512 172 758
139 498 283
936 702 242
341 791 889
924 191 92
4 494 133
926 891 174
200 393 955
122 254 739
857 589 358
879 485 358
453 723 879
781 394 247
226 601 600
861 265 461
686 562 299
742 857 962
412 578 698
65 35 962
699 161 980
110 671 371
172 121 601
124 521 400
329 789 671
219 857 961
754 373 217
613 640 206
483 536 188
303 398 353
584 711 655
810 607 623
268 388 73
384 151 587
880 725 68
781 366 605
801 549 675
687 173 546
936 415 695
152 413 758
590 250 653
218 310 472
728 480 554
876 864 310
171 496 423
612 266 627
573 633 121
94 428 731
618 43 245
517 140 949
535 551 692
327 955 903
565 356 887
486 628 306
914 468 191
787 94 563
386 322 258
742 851 127
130 83 972
911 301 484
616 926 758
801 154 738
831 436 9
10 740 404
636 611 132
753 259 662
763 398 670
637 954 891
911 174 844
543 435 849
444 417 939
691 93 375
30 198 688
264 168 801
119 351 764
13 110 683
642 329 4
421 135 920
303 75 126
250 453 451
735 285 40
581 719 263
284 339 682
405 570 709
600 581 433
797 600 699
699 747 975
692 287 9
200 659 232
161 123 620
626 327 997
793 824 305
444 945 73
277 333 709
138 372 656
560 955 276
448 526 40
171 710 549
564 739 468
333 505 901
743 20 742
820 681 607
44 64 822
829 57 715
633 367 464
443 758 151
224 785 22
813 59 250
251 581 443
871 728 827
620 344 332
237 217 818
395 285 966
640 241 146
506 110 417
604 7 40
829 667 468
589 86 772
900 145 286
508 602 618
268 482 16
663 462 966
625 51 430
624 372 723
756 901 38
593 240 922
253 815 632
553 305 159
453 296 202
104 473 900
94 832 640
320 623 846
129 636 351
539 197 188
627 326 648
138 74 616
90 853 458
461 941 140
110 630 42
864 92 532
478 383 793
464 956 111
249 654 787
467 103 787
27 845 583
713 23 728
790 883 401
546 950 920
111 601 545
865 295 253
804 836 623
583 57 314
166 554 503
513 560 266
626 601 580
927 800 676
899 573 501
171 262 509
245 231 37
501 737 468
488 186 344
64 923 63
18 43 417
553 31 569
313 671 852
958 692 805
860 614 23
550 529 742
101 281 974
745 726 190
32 287 452
44 99 279
292 441 137
388 927 409
629 214 242
368 610 755
601 615 253
745 647 16
366 618 579
622 391 959
916 686 949
170 670 166
341 496 49
117 250 77
652 694 904
270 853 89
258 269 708
182 772 848
668 762 929
233 793 66
557 363 650
116 442 538
801 335 32
830 239 114
860 66 968
597 62 75
185 617 783
381 644 33
340 362 535
88 676 285
2 496 401
289 355 214
254 399 468
860 178 153
498 652 270
155 414 787
318 101 974
148 684 601
481 845 624
255 96 440
409 443 77
749 671 215
936 551 402
282 773 272
479 347 164
590 427 132
865 317 806
852 51 220
652 946 258
197 941 96
647 17 667
247 672 633
916 744 314
713 952 988
645 542 461
849 890 871
784 173 741
348 828 775
586 780 514