0 -> 1189,22,283,3,522
1 -> 2,6
10 -> 1114,2
100 -> 101,638
1000 -> 1270,2881,761
1001 -> 1002,1168
1002 -> 1000
1003 -> 1005
1004 -> 220,2244
1005 -> 1004
1006 -> 1992,682
1007 -> 1006
1008 -> 1007
1009 -> 1010,1636
101 -> 102
1010 -> 106,2075
1011 -> 1009
1012 -> 1626,542
1013 -> 1014,1152
1014 -> 1012,2134
1015 -> 1017,2107
1016 -> 1015,1528
1017 -> 909
1018 -> 1019,1605,2185
1019 -> 1020,2657
102 -> 108,1852,2355,70
1020 -> 656
1021 -> 1022,1079
1022 -> 405
1023 -> 1021,1330
1024 -> 587
1025 -> 1024,1333
1026 -> 1025
1027 -> 106
1028 -> 1029
1029 -> 1027,1888
103 -> 31
1030 -> 1159,718
1031 -> 1032,2617
1032 -> 1030
1033 -> 1034
1034 -> 1663,638
1035 -> 1033
1036 -> 1037
1037 -> 194
1038 -> 1036
1039 -> 1040
104 -> 105,120,503
1040 -> 1041
1041 -> 603
1042 -> 320
1043 -> 1044
1044 -> 1042
1045 -> 990
1046 -> 1045
1047 -> 1046
1048 -> 1050
1049 -> 425
105 -> 103
1050 -> 1049
1051 -> 1053,1122
1052 -> 354
1053 -> 1052
1054 -> 1055,1522,1750
1055 -> 1056
1056 -> 931
1057 -> 1059
1058 -> 862
1059 -> 1058
106 -> 1011,1028,107,626
1060 -> 1061,2517
1061 -> 758
1062 -> 1060
1063 -> 2309,600
1064 -> 1063
1065 -> 1064
1066 -> 805
1067 -> 1066,1871,2003
1068 -> 1067
1069 -> 1070
107 -> 102,1559,185,2362,447
1070 -> 1071
1071 -> 2302,345
1072 -> 1074,1921
1073 -> 894
1074 -> 1073
1075 -> 1076
1076 -> 1077
1077 -> 710
1078 -> 1080,1217
1079 -> 1078
108 -> 106,121,613
1080 -> 1021
1081 -> 1082,1118
1082 -> 1083
1083 -> 539
1084 -> 1086
1085 -> 1084
1086 -> 505
1087 -> 2145,31
1088 -> 1089
1089 -> 1087
109 -> 110
1090 -> 1091
1091 -> 207
1092 -> 1090,1367,2760
1093 -> 1094
1094 -> 2065,791
1095 -> 1093
1096 -> 1098
1097 -> 1096
1098 -> 569
1099 -> 1100
11 -> 12,25,568
110 -> 111,2006,2284,2640
1100 -> 1101
1101 -> 1195,235
1102 -> 1104
1103 -> 1102
1104 -> 68
1105 -> 1106
1106 -> 1107
1107 -> 227
1108 -> 1110,1261,2026,2219
1109 -> 1797,2566,52
111 -> 59
1110 -> 1109
1111 -> 1113
1112 -> 509
1113 -> 1112
1114 -> 1115
1115 -> 1116
1116 -> 10
1117 -> 1119
1118 -> 1117
1119 -> 1081,1296
112 -> 113,551
1120 -> 1051
1121 -> 1120,2381
1122 -> 1121
1123 -> 1125
1124 -> 1715,2490,916
1125 -> 1124
1126 -> 1128
1127 -> 1126
1128 -> 305
1129 -> 1131
113 -> 114
1130 -> 1129
1131 -> 456
1132 -> 858
1133 -> 1132
1134 -> 1133
1135 -> 1136
1136 -> 1137
1137 -> 169
1138 -> 1140
1139 -> 1138
114 -> 281,48
1140 -> 831
1141 -> 941
1142 -> 1143
1143 -> 1141
1144 -> 1145
1145 -> 1146
1146 -> 6
1147 -> 1149
1148 -> 1147
1149 -> 429
115 -> 116,301
1150 -> 1013
1151 -> 1150,2783
1152 -> 1151
1153 -> 153
1154 -> 1153
1155 -> 1154
1156 -> 72
1157 -> 1158
1158 -> 1156
1159 -> 1160
116 -> 126,93
1160 -> 1161
1161 -> 1030
1162 -> 1163
1163 -> 1164
1164 -> 233
1165 -> 1166
1166 -> 1741,580
1167 -> 1165
1168 -> 1169
1169 -> 1170
117 -> 115,150
1170 -> 1001
1171 -> 432
1172 -> 1171
1173 -> 1172
1174 -> 860
1175 -> 1174,1617
1176 -> 1175
1177 -> 1179,2481
1178 -> 442
1179 -> 1178,2365
118 -> 119,2465,372
1180 -> 1182
1181 -> 1180,1986
1182 -> 800
1183 -> 1185
1184 -> 634
1185 -> 1184
1186 -> 1187
1187 -> 1188,1486
1188 -> 534
1189 -> 1190
119 -> 104,1364,145
1190 -> 1191
1191 -> 0
1192 -> 1193
1193 -> 1761,194
1194 -> 1192,2714
1195 -> 1197
1196 -> 1101
1197 -> 1196
1198 -> 1199
1199 -> 1858,814
12 -> 10,896,91
120 -> 118,155,253
1200 -> 1198,2970
1201 -> 801
1202 -> 1203
1203 -> 1201
1204 -> 624
1205 -> 1204,1630
1206 -> 1205,1547
1207 -> 804
1208 -> 1207,1226,2672
1209 -> 1208
121 -> 122
1210 -> 1211,2487
1211 -> 1212,1668
1212 -> 725
1213 -> 1214
1214 -> 1215
1215 -> 874
1216 -> 1218
1217 -> 1216,1540
1218 -> 1078
1219 -> 1221,2404
122 -> 123,2343,824
1220 -> 2710,281
1221 -> 1220
1222 -> 588
1223 -> 1224,1771,2391,2902
1224 -> 1222
1225 -> 1227
1226 -> 1225
1227 -> 1208,2158
1228 -> 51
1229 -> 1228
123 -> 108
1230 -> 1229
1231 -> 1233,1534
1232 -> 1231
1233 -> 528
1234 -> 1235,1411
1235 -> 9
1236 -> 1234
1237 -> 1239
1238 -> 624
1239 -> 1238
124 -> 116,2960
1240 -> 1241,1267,2189
1241 -> 1242,1682,1704
1242 -> 669
1243 -> 218
1244 -> 1245
1245 -> 1243
1246 -> 1248,1265
1247 -> 720
1248 -> 1247
1249 -> 271
125 -> 124
1250 -> 1249,2139
1251 -> 1250
1252 -> 817
1253 -> 1252,2920
1254 -> 1253
1255 -> 1256
1256 -> 1475,504
1257 -> 1255
1258 -> 747
1259 -> 1260,2535
126 -> 125,970
1260 -> 1258,2434
1261 -> 1262
1262 -> 1263,1312,2504
1263 -> 1108
1264 -> 1266
1265 -> 1264
1266 -> 1246
1267 -> 1269
1268 -> 1240,1461
1269 -> 1268
127 -> 315,86
1270 -> 1272
1271 -> 1000
1272 -> 1271
1273 -> 153
1274 -> 1275
1275 -> 1273
1276 -> 1277
1277 -> 1278,1844
1278 -> 938
1279 -> 1280,1305
128 -> 129
1280 -> 1281
1281 -> 97
1282 -> 695
1283 -> 1284
1284 -> 1282
1285 -> 736
1286 -> 1285
1287 -> 1286
1288 -> 1289,1618
1289 -> 1290,2228,2842
129 -> 127
1290 -> 1397,2312,356
1291 -> 1293,2326
1292 -> 1291
1293 -> 827
1294 -> 1119
1295 -> 1294
1296 -> 1295
1297 -> 1299
1298 -> 1297
1299 -> 810
13 -> 15,287
130 -> 2895,79
1300 -> 1302
1301 -> 1300
1302 -> 866
1303 -> 1304,1527
1304 -> 1279,1818
1305 -> 1303
1306 -> 65
1307 -> 1308
1308 -> 1306
1309 -> 1311
131 -> 132
1310 -> 1309
1311 -> 808
1312 -> 1313,1950
1313 -> 1314
1314 -> 1262
1315 -> 796
1316 -> 1317
1317 -> 1315
1318 -> 1319
1319 -> 1320
132 -> 130,152,1648
1320 -> 647
1321 -> 169
1322 -> 1323
1323 -> 1321
1324 -> 1326
1325 -> 1324
1326 -> 240
1327 -> 136,1606
1328 -> 1329
1329 -> 1327
133 -> 63
1330 -> 1331,2422
1331 -> 1332
1332 -> 1023,1473,1877
1333 -> 1334
1334 -> 1335,2457,2646
1335 -> 1025
1336 -> 760
1337 -> 1338
1338 -> 1336,1929
1339 -> 1340,1447
134 -> 133,235,604
1340 -> 1341
1341 -> 301
1342 -> 1343
1343 -> 1344
1344 -> 48
1345 -> 1347
1346 -> 1345
1347 -> 715
1348 -> 1601,577
1349 -> 1350
135 -> 134,1499
1350 -> 1348,2774
1351 -> 1353
1352 -> 1351
1353 -> 430
1354 -> 1356
1355 -> 1821,678
1356 -> 1355
1357 -> 33
1358 -> 1359
1359 -> 1357
136 -> 1328,16
1360 -> 1361,2717
1361 -> 1362
1362 -> 1567,2298,831
1363 -> 1365,2409
1364 -> 1363
1365 -> 119,1891
1366 -> 1092
1367 -> 1368
1368 -> 1366
1369 -> 1370
137 -> 136,213
1370 -> 1371
1371 -> 273
1372 -> 954
1373 -> 1374
1374 -> 1372
1375 -> 1376
1376 -> 71
1377 -> 1375
1378 -> 1379
1379 -> 1380,1402,2496
138 -> 137,925
1380 -> 2663,704
1381 -> 1383
1382 -> 436
1383 -> 1382
1384 -> 904
1385 -> 1386,1574
1386 -> 1384,1869
1387 -> 1389,2289
1388 -> 317
1389 -> 1388
139 -> 140,2265
1390 -> 1392
1391 -> 464
1392 -> 1391
1393 -> 1395,1958
1394 -> 474
1395 -> 1394
1396 -> 1398
1397 -> 1396
1398 -> 1290
1399 -> 1400
14 -> 13,1749,1894
140 -> 1931,41,466,652
1400 -> 1401
1401 -> 2553,262
1402 -> 1404,2156
1403 -> 1379
1404 -> 1403
1405 -> 1407
1406 -> 161
1407 -> 1406
1408 -> 1410,1562
1409 -> 572
141 -> 139,620
1410 -> 1409
1411 -> 1412
1412 -> 1413
1413 -> 1234
1414 -> 1416
1415 -> 1414
1416 -> 269,2732
1417 -> 1418
1418 -> 1419,1775
1419 -> 593
142 -> 143
1420 -> 1421
1421 -> 1422
1422 -> 160
1423 -> 286
1424 -> 1423,1609
1425 -> 1424,1968
1426 -> 1428
1427 -> 1426
1428 -> 420
1429 -> 692
143 -> 464,82
1430 -> 1429
1431 -> 1430
1432 -> 1434
1433 -> 1432
1434 -> 2056,2193,809
1435 -> 455
1436 -> 1435
1437 -> 1436
1438 -> 426
1439 -> 1440
144 -> 142,683
1440 -> 1438,1576
1441 -> 1443
1442 -> 1441
1443 -> 865
1444 -> 1446,2574
1445 -> 1444
1446 -> 2509,877
1447 -> 1449
1448 -> 1339,2769
1449 -> 1448
145 -> 146,1993
1450 -> 66
1451 -> 1452
1452 -> 1450
1453 -> 1455
1454 -> 1453
1455 -> 255
1456 -> 1458
1457 -> 219
1458 -> 1457
1459 -> 1460
146 -> 147,262
1460 -> 1268
1461 -> 1459
1462 -> 1464,1805
1463 -> 1462
1464 -> 836
1465 -> 1467
1466 -> 814
1467 -> 1466
1468 -> 1470
1469 -> 1468
147 -> 119
1470 -> 482
1471 -> 1472
1472 -> 1332,2235
1473 -> 1471
1474 -> 1476,1976
1475 -> 1474,2329
1476 -> 1256
1477 -> 1478
1478 -> 1479
1479 -> 232
148 -> 149,2397,304
1480 -> 1482
1481 -> 1480
1482 -> 1589,241
1483 -> 962
1484 -> 1483
1485 -> 1484,2439
1486 -> 1487
1487 -> 1488
1488 -> 1187
1489 -> 1490
149 -> 117,993
1490 -> 1491
1491 -> 855
1492 -> 602
1493 -> 1492
1494 -> 1493
1495 -> 957
1496 -> 1495
1497 -> 1496,1564
1498 -> 135
1499 -> 1500
15 -> 1509,18,2
150 -> 148,2294,233
1500 -> 1498,1939
1501 -> 1502
1502 -> 283
1503 -> 1501
1504 -> 817
1505 -> 1504,2141
1506 -> 1505,2687
1507 -> 15,2750
1508 -> 1507,2374
1509 -> 1508
151 -> 153
1510 -> 2789,905
1511 -> 1512
1512 -> 1510
1513 -> 3
1514 -> 1513
1515 -> 1514
1516 -> 1518
1517 -> 1516
1518 -> 359
1519 -> 1521
152 -> 151,245
1520 -> 868
1521 -> 1520
1522 -> 1523
1523 -> 1524
1524 -> 1054,2452
1525 -> 1303,1674
1526 -> 1525
1527 -> 1526
1528 -> 1530
1529 -> 1016
153 -> 1155,1274,132
1530 -> 1529
1531 -> 248
1532 -> 1531
1533 -> 1532
1534 -> 1535
1535 -> 1536
1536 -> 1231
1537 -> 1539
1538 -> 462
1539 -> 1538
154 -> 156,356,421,561
1540 -> 1542
1541 -> 1217
1542 -> 1541
1543 -> 1545,2184
1544 -> 1543
1545 -> 799
1546 -> 1548,2815
1547 -> 1546
1548 -> 1206
1549 -> 1550
155 -> 154
1550 -> 1551
1551 -> 904
1552 -> 1554,1738
1553 -> 634
1554 -> 1553
1555 -> 1556
1556 -> 1557,2899
1557 -> 178
1558 -> 1560
1559 -> 1558
156 -> 120
1560 -> 107
1561 -> 1563,2785
1562 -> 1561
1563 -> 1408
1564 -> 1566
1565 -> 1497,1698
1566 -> 1565,2563
1567 -> 1569,1972
1568 -> 1362
1569 -> 1568
157 -> 159
1570 -> 764
1571 -> 1572
1572 -> 1570
1573 -> 1575
1574 -> 1573
1575 -> 1385
1576 -> 1578
1577 -> 1440
1578 -> 1577
1579 -> 658
158 -> 157
1580 -> 1579
1581 -> 1580
1582 -> 659
1583 -> 1584
1584 -> 1582
1585 -> 163
1586 -> 1585,1679
1587 -> 1586
1588 -> 1482
1589 -> 1590
159 -> 41
1590 -> 1588
1591 -> 1593
1592 -> 1591
1593 -> 323
1594 -> 1595,2865
1595 -> 913
1596 -> 1594
1597 -> 1599
1598 -> 754
1599 -> 1598
16 -> 138,15,65
160 -> 1420,74
1600 -> 1602,1963
1601 -> 1600
1602 -> 1348,2096,2848
1603 -> 1604
1604 -> 1018
1605 -> 1603
1606 -> 1607
1607 -> 1608
1608 -> 1327
1609 -> 1610
161 -> 1405,162
1610 -> 1611
1611 -> 1424,2279
1612 -> 235
1613 -> 1614,2206,2872
1614 -> 1612
1615 -> 1616
1616 -> 1175
1617 -> 1615
1618 -> 1620
1619 -> 1288
162 -> 160
1620 -> 1619
1621 -> 1623
1622 -> 1621,1866
1623 -> 219
1624 -> 1625
1625 -> 1012
1626 -> 1624
1627 -> 1629
1628 -> 1627
1629 -> 701
163 -> 1587,164
1630 -> 1632
1631 -> 1205,1912
1632 -> 1631
1633 -> 1634
1634 -> 1635
1635 -> 22
1636 -> 1637
1637 -> 1638
1638 -> 1009,2974
1639 -> 1640
164 -> 165,274,350
1640 -> 1641,2740
1641 -> 482
1642 -> 216
1643 -> 1644
1644 -> 1642
1645 -> 1647
1646 -> 588
1647 -> 1646,1979
1648 -> 1650,1911
1649 -> 132
165 -> 290,43,603
1650 -> 1649
1651 -> 863
1652 -> 1651,2856
1653 -> 1652
1654 -> 1655
1655 -> 941
1656 -> 1654
1657 -> 1659
1658 -> 1657
1659 -> 976
166 -> 167,2154
1660 -> 1661,2024
1661 -> 1662
1662 -> 783
1663 -> 1664
1664 -> 1665
1665 -> 1034
1666 -> 1667
1667 -> 1211
1668 -> 1666
1669 -> 1671
167 -> 257,73
1670 -> 645
1671 -> 1670
1672 -> 1525
1673 -> 1672
1674 -> 1673,2429
1675 -> 1677
1676 -> 254
1677 -> 1676
1678 -> 1586
1679 -> 1680
168 -> 166
1680 -> 1678
1681 -> 1683
1682 -> 1681
1683 -> 1241
1684 -> 1686
1685 -> 1684
1686 -> 357
1687 -> 1688
1688 -> 905
1689 -> 1687,2117
169 -> 1135,1322,170
1690 -> 1691,2879
1691 -> 1692,2468,2482
1692 -> 1982,871
1693 -> 1695,1988
1694 -> 1693
1695 -> 842
1696 -> 1697
1697 -> 1565,1699
1698 -> 1696,2934
1699 -> 1701,1769,1855
17 -> 16
170 -> 171
1700 -> 1697
1701 -> 1700
1702 -> 1241
1703 -> 1702
1704 -> 1703
1705 -> 177
1706 -> 1707
1707 -> 1705
1708 -> 1709
1709 -> 500
171 -> 49
1710 -> 1708
1711 -> 260
1712 -> 1711,2665
1713 -> 1712
1714 -> 1124,1784
1715 -> 1716
1716 -> 1714
1717 -> 1718
1718 -> 1719
1719 -> 215
172 -> 173
1720 -> 1722,2147
1721 -> 1720,2821
1722 -> 575
1723 -> 832
1724 -> 1723,1851
1725 -> 1724
1726 -> 1727,1885
1727 -> 1728
1728 -> 729
1729 -> 689
173 -> 174
1730 -> 1731
1731 -> 1729
1732 -> 1734
1733 -> 1732
1734 -> 846
1735 -> 513
1736 -> 1737
1737 -> 1735
1738 -> 1740
1739 -> 1552
174 -> 659,76
1740 -> 1739
1741 -> 1742
1742 -> 1743
1743 -> 1166
1744 -> 1960,583
1745 -> 1746
1746 -> 1744
1747 -> 1748
1748 -> 14
1749 -> 1747,2032
175 -> 176,180,839
1750 -> 1752,2132,2834
1751 -> 1054,2911
1752 -> 1751
1753 -> 1754,2344,2549
1754 -> 1755,1793
1755 -> 665
1756 -> 914
1757 -> 1758,2837
1758 -> 1756
1759 -> 1193
176 -> 177
1760 -> 1759,2449
1761 -> 1760
1762 -> 1764
1763 -> 1762
1764 -> 567
1765 -> 1767
1766 -> 782
1767 -> 1766
1768 -> 1699
1769 -> 1770,2545
177 -> 1706,320,95
1770 -> 1768
1771 -> 1772
1772 -> 1773
1773 -> 1223
1774 -> 1418
1775 -> 1776,2078
1776 -> 1774
1777 -> 307
1778 -> 1779
1779 -> 1777
178 -> 1555,179,693
1780 -> 1782,2950
1781 -> 184
1782 -> 1781
1783 -> 1714
1784 -> 1785
1785 -> 1783
1786 -> 1788,1809
1787 -> 1786
1788 -> 561
1789 -> 1791
179 -> 175,241
1790 -> 597
1791 -> 1790,2255
1792 -> 1754
1793 -> 1794
1794 -> 1792
1795 -> 1109
1796 -> 1795
1797 -> 1796
1798 -> 1799
1799 -> 653
18 -> 17,29
180 -> 178,876
1800 -> 1798,1825
1801 -> 1802
1802 -> 503
1803 -> 1801
1804 -> 1462,2019
1805 -> 1806
1806 -> 1804,2514
1807 -> 1808
1808 -> 1786
1809 -> 1807
181 -> 182
1810 -> 629
1811 -> 1812
1812 -> 1810
1813 -> 1815
1814 -> 2943,753
1815 -> 1814
1816 -> 1817
1817 -> 1304,2600
1818 -> 1816
1819 -> 1355
182 -> 80
1820 -> 1819
1821 -> 1820
1822 -> 1824
1823 -> 1822
1824 -> 2115,78
1825 -> 1826,2383
1826 -> 1827,2044,2745
1827 -> 1800
1828 -> 1829
1829 -> 271
183 -> 181,294
1831 -> 712
1832 -> 1833
1833 -> 1831
1834 -> 1835
1835 -> 295
1836 -> 1834
1837 -> 1838
1838 -> 761
1839 -> 1837
184 -> 107,1780
1840 -> 274
1841 -> 1842,2275
1842 -> 1840
1843 -> 1845,2587
1844 -> 1843,2472
1845 -> 1277
1846 -> 1847
1847 -> 1848
1848 -> 838
1849 -> 1850
185 -> 186,197
1850 -> 1724
1851 -> 1849
1852 -> 1854
1853 -> 102
1854 -> 1853,2611
1855 -> 1857
1856 -> 1699,2839
1857 -> 1856
1858 -> 1859
1859 -> 1860
186 -> 184
1860 -> 1199
1861 -> 492
1862 -> 1863
1863 -> 1861,2165
1864 -> 1865
1865 -> 1622
1866 -> 1864
1867 -> 1868
1868 -> 1386
1869 -> 1867
187 -> 188,2629
1870 -> 1067
1871 -> 1872
1872 -> 1870
1873 -> 1874,1971
1874 -> 1875
1875 -> 189
1876 -> 1878
1877 -> 1876
1878 -> 1332
1879 -> 1880
188 -> 189,547
1880 -> 2049,903
1881 -> 1879
1882 -> 1884
1883 -> 190
1884 -> 1883
1885 -> 1886
1886 -> 1887
1887 -> 1726
1888 -> 1889
1889 -> 1890
189 -> 1873,43
1890 -> 1029
1891 -> 1892
1892 -> 1893
1893 -> 1365
1894 -> 1895
1895 -> 1896
1896 -> 14
1897 -> 316
1898 -> 1899,2421
1899 -> 1897
19 -> 9
190 -> 1882,192,492
1900 -> 1901,2727
1901 -> 1902,2232
1902 -> 439
1903 -> 21
1904 -> 1905
1905 -> 1903,2972
1906 -> 35
1907 -> 1908
1908 -> 1906
1909 -> 1648
191 -> 37
1910 -> 1909
1911 -> 1910
1912 -> 1913
1913 -> 1914,2170
1914 -> 1631,2581
1915 -> 548
1916 -> 1915
1917 -> 1916
1918 -> 568
1919 -> 1920
192 -> 191,2283,959
1920 -> 1918
1921 -> 1922
1922 -> 1923
1923 -> 1072
1924 -> 2556,324
1925 -> 1924,2098
1926 -> 1925
1927 -> 1928
1928 -> 1338
1929 -> 1927
193 -> 195
1930 -> 1932
1931 -> 1930
1932 -> 140
1933 -> 732
1934 -> 1933
1935 -> 1934
1936 -> 1938
1937 -> 1936
1938 -> 504
1939 -> 1941
194 -> 1038,1194,2418,61
1940 -> 1500
1941 -> 1940
1942 -> 830
1943 -> 1942
1944 -> 1943
1945 -> 709
1946 -> 1947,2594
1947 -> 1945
1948 -> 1312
1949 -> 1948
195 -> 194,227
1950 -> 1949
1951 -> 1953
1952 -> 1951
1953 -> 50
1954 -> 883
1955 -> 1954
1956 -> 1955
1957 -> 1393,2541
1958 -> 1959
1959 -> 1957
196 -> 185
1960 -> 1962
1961 -> 1744
1962 -> 1961
1963 -> 1965
1964 -> 1600
1965 -> 1964
1966 -> 1967
1967 -> 1425
1968 -> 1966
1969 -> 1873
197 -> 198
1970 -> 1969
1971 -> 1970
1972 -> 1974
1973 -> 1567,2748,2805
1974 -> 1973
1975 -> 1977
1976 -> 1975
1977 -> 1474
1978 -> 1647
1979 -> 1980
198 -> 196
1980 -> 1978
1981 -> 1983
1982 -> 1981
1983 -> 1692
1984 -> 1181
1985 -> 1984
1986 -> 1985
1987 -> 1693
1988 -> 1989
1989 -> 1987
199 -> 3
1990 -> 1991
1991 -> 1006
1992 -> 1990
1993 -> 1995
1994 -> 145
1995 -> 1994
1996 -> 1998
1997 -> 1996
1998 -> 960
1999 -> 2000
2 -> 0,11,14,2734,62
20 -> 21
200 -> 199,685,967
2000 -> 2999,798
2001 -> 1999
2002 -> 1067,2196,2653
2003 -> 2004
2004 -> 2002
2005 -> 110,2036
2006 -> 2007
2007 -> 2005
2008 -> 487
2009 -> 2010
201 -> 200
2010 -> 2008
2011 -> 362
2012 -> 2013
2013 -> 2011
2014 -> 2016
2015 -> 2198,437
2016 -> 2015
2017 -> 2018
2018 -> 1804
2019 -> 2017
202 -> 495,72
2020 -> 2022,2173,2339
2021 -> 2020
2022 -> 539
2023 -> 2025
2024 -> 2023
2025 -> 1660
2026 -> 2028
2027 -> 1108
2028 -> 2027
2029 -> 388
203 -> 202,223,348
2030 -> 2031
2031 -> 2029
2032 -> 2033
2033 -> 2034
2034 -> 1749
2035 -> 2037
2036 -> 2035
2037 -> 2005
2038 -> 43
2039 -> 2040
204 -> 203,402
2040 -> 2038
2041 -> 934
2042 -> 2043
2043 -> 2041
2044 -> 2045
2045 -> 2046
2046 -> 1826
2047 -> 1880
2048 -> 2047
2049 -> 2048
205 -> 206,2763,558
2050 -> 2052
2051 -> 621
2052 -> 2051
2053 -> 695
2054 -> 2055
2055 -> 2053
2056 -> 2057
2057 -> 2058
2058 -> 1434
2059 -> 2060
206 -> 207,230
2060 -> 648
2061 -> 2059
2062 -> 2063
2063 -> 2064
2064 -> 211
2065 -> 2067
2066 -> 1094
2067 -> 2066
2068 -> 2069
2069 -> 2070
207 -> 1092,52
2070 -> 923
2071 -> 609
2072 -> 2073
2073 -> 2071
2074 -> 1010
2075 -> 2076
2076 -> 2074
2077 -> 2079
2078 -> 2077
2079 -> 1775
208 -> 209,439
2080 -> 2082
2081 -> 2578,338
2082 -> 2081
2083 -> 2085
2084 -> 795
2085 -> 2084
2086 -> 2088
2087 -> 2086
2088 -> 514
2089 -> 2090,2260
209 -> 64,877
2090 -> 2091
2091 -> 585
2092 -> 2093
2093 -> 73
2094 -> 2092
2095 -> 1602
2096 -> 2097
2097 -> 2095
2098 -> 2100
2099 -> 1925
21 -> 19,1904,279,334,58
210 -> 208
2100 -> 2099
2101 -> 2102
2102 -> 2103
2103 -> 988
2104 -> 454
2105 -> 2106,2221
2106 -> 2104
2107 -> 2108
2108 -> 2109
2109 -> 1015
211 -> 2062,212
2110 -> 729
2111 -> 2112
2112 -> 2110
2113 -> 1824,2915
2114 -> 2113,2871
2115 -> 2114
2116 -> 2118,2560
2117 -> 2116
2118 -> 1689,2536
2119 -> 460
212 -> 137
2120 -> 2121
2121 -> 2119
2122 -> 878
2123 -> 2124
2124 -> 2122
2125 -> 675
2126 -> 2125,2335
2127 -> 2126
2128 -> 98
2129 -> 2128
213 -> 211
2130 -> 2129,2522
2131 -> 2133
2132 -> 2131
2133 -> 1750
2134 -> 2136
2135 -> 1014
2136 -> 2135
2137 -> 1250,2847
2138 -> 2137
2139 -> 2138,2266
214 -> 215,2373
2140 -> 1505
2141 -> 2142
2142 -> 2140
2143 -> 2144
2144 -> 1087,2476
2145 -> 2143
2146 -> 2148
2147 -> 2146
2148 -> 1720
2149 -> 493
215 -> 1717,32
2150 -> 2151
2151 -> 2149
2152 -> 2153
2153 -> 166
2154 -> 2152
2155 -> 1402
2156 -> 2157
2157 -> 2155
2158 -> 2160
2159 -> 1227
216 -> 1643,214
2160 -> 2159
2161 -> 2162
2162 -> 2851,817
2163 -> 2161
2164 -> 1863
2165 -> 2166
2166 -> 2164
2167 -> 2168
2168 -> 2169
2169 -> 963
217 -> 80
2170 -> 2171
2171 -> 2172,2334
2172 -> 1913
2173 -> 2175
2174 -> 2020
2175 -> 2174
2176 -> 913
2177 -> 2178
2178 -> 2176
2179 -> 743
218 -> 1244,217
2180 -> 2179
2181 -> 2180
2182 -> 2183,2292
2183 -> 1543
2184 -> 2182
2185 -> 2187
2186 -> 1018
2187 -> 2186
2188 -> 2190
2189 -> 2188
219 -> 1456,1622,218,252
2190 -> 1240
2191 -> 1434
2192 -> 2191
2193 -> 2192
2194 -> 2002
2195 -> 2194
2196 -> 2195,2258,2697
2197 -> 2015
2198 -> 2199
2199 -> 2197
22 -> 1633,24,35,94
220 -> 1003,221,612
2200 -> 2201
2201 -> 657
2202 -> 2200,2359
2203 -> 2205
2204 -> 2507,676
2205 -> 2204
2206 -> 2208
2207 -> 1613
2208 -> 2207
2209 -> 2210
221 -> 470,8
2210 -> 2211
2211 -> 358
2212 -> 2213
2213 -> 920
2214 -> 2212,2350
2215 -> 515
2216 -> 2215
2217 -> 2216
2218 -> 2220
2219 -> 2218
222 -> 220
2220 -> 1108
2221 -> 2222
2222 -> 2223
2223 -> 2105
2224 -> 2225
2225 -> 2226
2226 -> 589
2227 -> 1289
2228 -> 2229
2229 -> 2227
223 -> 225,2956
2230 -> 1901
2231 -> 2230
2232 -> 2231,2249
2233 -> 1472
2234 -> 2233
2235 -> 2234
2236 -> 2238
2237 -> 701
2238 -> 2237
2239 -> 2241
224 -> 203
2240 -> 2239
2241 -> 314
2242 -> 2243
2243 -> 1004
2244 -> 2242,2898
2245 -> 2247
2246 -> 2245
2247 -> 520
2248 -> 2232
2249 -> 2250
225 -> 224,340,501
2250 -> 2248
2251 -> 631
2252 -> 2251
2253 -> 2252
2254 -> 2256
2255 -> 2254
2256 -> 1791
2257 -> 2196
2258 -> 2259
2259 -> 2257
226 -> 228
2260 -> 2261
2261 -> 2262
2262 -> 2089
2263 -> 139
2264 -> 2263
2265 -> 2264
2266 -> 2267
2267 -> 2268
2268 -> 2139
2269 -> 2270
227 -> 1105,226
2270 -> 2271
2271 -> 405
2272 -> 2274
2273 -> 821
2274 -> 2273
2275 -> 2277
2276 -> 1841
2277 -> 2276
2278 -> 2280
2279 -> 2278
228 -> 195,425
2280 -> 1611
2281 -> 192
2282 -> 2281
2283 -> 2282,2462
2284 -> 2285
2285 -> 2286
2286 -> 110
2287 -> 2288,2778
2288 -> 1387,2928
2289 -> 2287
229 -> 231,390
2290 -> 2291
2291 -> 2182
2292 -> 2290
2293 -> 2295
2294 -> 2293,2661,2738
2295 -> 150
2296 -> 2297
2297 -> 1362
2298 -> 2296
2299 -> 2300
23 -> 0
230 -> 229
2300 -> 2301
2301 -> 364
2302 -> 2304
2303 -> 1071
2304 -> 2303,2415
2305 -> 2306
2306 -> 2307
2307 -> 511
2308 -> 1063
2309 -> 2310
231 -> 206,378
2310 -> 2308
2311 -> 1290
2312 -> 2313
2313 -> 2311
2314 -> 2315
2315 -> 2316,2701,2989
2316 -> 583
2317 -> 2319
2318 -> 2317
2319 -> 248
232 -> 1477,150,2498
2320 -> 2321
2321 -> 2322
2322 -> 288,2965
2323 -> 2325
2324 -> 440
2325 -> 2324
2326 -> 2328
2327 -> 1291
2328 -> 2327,2370
2329 -> 2330
233 -> 1162,234
2330 -> 2331
2331 -> 1475
2332 -> 2333
2333 -> 2171
2334 -> 2332,2402,2680
2335 -> 2336
2336 -> 2337
2337 -> 2126
2338 -> 2020
2339 -> 2340,2808
234 -> 232,386,433
2340 -> 2338
2341 -> 2342
2342 -> 122
2343 -> 2341
2344 -> 2345
2345 -> 2346
2346 -> 1753
2347 -> 618
2348 -> 2349
2349 -> 2347
235 -> 1099,1613,236,801
2350 -> 2352
2351 -> 2214
2352 -> 2351
2353 -> 2354
2354 -> 102
2355 -> 2353
2356 -> 2357
2357 -> 2358
2358 -> 532
2359 -> 2361
236 -> 237
2360 -> 2202
2361 -> 2360
2362 -> 2364
2363 -> 107
2364 -> 2363
2365 -> 2367,2707
2366 -> 1179
2367 -> 2366
2368 -> 2369
2369 -> 2328
237 -> 134
2370 -> 2368
2371 -> 214
2372 -> 2371
2373 -> 2372
2374 -> 2376
2375 -> 1508
2376 -> 2375
2377 -> 2379
2378 -> 2377
2379 -> 996
238 -> 239,270,411
2380 -> 2382
2381 -> 2380
2382 -> 1121
2383 -> 2384
2384 -> 2385
2385 -> 1825
2386 -> 287
2387 -> 2388
2388 -> 2386
2389 -> 1223
239 -> 240,726
2390 -> 2389
2391 -> 2390
2392 -> 2393
2393 -> 2394
2394 -> 496
2395 -> 2396
2396 -> 148
2397 -> 2395
2398 -> 732
2399 -> 2400
24 -> 23
240 -> 1325,49
2400 -> 2398
2401 -> 2403
2402 -> 2401
2403 -> 2334
2404 -> 2406
2405 -> 1219,2938
2406 -> 2405
2407 -> 2408
2408 -> 1363
2409 -> 2407,2577
241 -> 1481,242,475,679
2410 -> 2412
2411 -> 410
2412 -> 2411
2413 -> 2304
2414 -> 2413
2415 -> 2414
2416 -> 2417
2417 -> 194
2418 -> 2416
2419 -> 2420
242 -> 243
2420 -> 1898
2421 -> 2419
2422 -> 2423
2423 -> 2424
2424 -> 1330
2425 -> 54
2426 -> 2427
2427 -> 2425,2861
2428 -> 2430,2953
2429 -> 2428
243 -> 179
2430 -> 1674
2431 -> 2433
2432 -> 490
2433 -> 2432
2434 -> 2436
2435 -> 1260
2436 -> 2435
2437 -> 2438
2438 -> 1485
2439 -> 2437
244 -> 246
2440 -> 93
2441 -> 2440
2442 -> 2441
2443 -> 2444
2444 -> 352
2445 -> 2443
2446 -> 2448
2447 -> 2446
2448 -> 764
2449 -> 2450
245 -> 244,774
2450 -> 2451
2451 -> 1760
2452 -> 2454
2453 -> 1524
2454 -> 2453
2455 -> 1334
2456 -> 2455
2457 -> 2456
2458 -> 2459
2459 -> 2460
246 -> 152,704,901
2460 -> 780
2461 -> 2463
2462 -> 2461
2463 -> 2283
2464 -> 2466
2465 -> 2464
2466 -> 118
2467 -> 2469
2468 -> 2467,2558
2469 -> 1691
247 -> 249,265
2470 -> 2471
2471 -> 1844
2472 -> 2470
2473 -> 771
2474 -> 2473
2475 -> 2474
2476 -> 2478
2477 -> 2144
2478 -> 2477
2479 -> 2480
248 -> 1533,2318,247,311
2480 -> 1177
2481 -> 2479
2482 -> 2484
2483 -> 1691
2484 -> 2483
2485 -> 2486,2706
2486 -> 1210
2487 -> 2485
2488 -> 1124
2489 -> 2488
249 -> 45
2490 -> 2489
2491 -> 2493
2492 -> 2491
2493 -> 654
2494 -> 2495
2495 -> 1379
2496 -> 2494
2497 -> 2499
2498 -> 2497,2948
2499 -> 232
25 -> 27
250 -> 219,2905
2500 -> 2501
2501 -> 400
2502 -> 2500
2503 -> 1262
2504 -> 2505
2505 -> 2503
2506 -> 2508
2507 -> 2506
2508 -> 2204
2509 -> 2511
251 -> 250
2510 -> 1446
2511 -> 2510
2512 -> 2513
2513 -> 1806
2514 -> 2512
2515 -> 2516
2516 -> 1060
2517 -> 2515
2518 -> 644
2519 -> 2520
252 -> 251
2520 -> 2518
2521 -> 2523
2522 -> 2521
2523 -> 2130
2524 -> 2525
2525 -> 771
2526 -> 2524
2527 -> 2528
2528 -> 963
2529 -> 2527
253 -> 255
2530 -> 2531
2531 -> 881
2532 -> 2530
2533 -> 2534
2534 -> 1259
2535 -> 2533
2536 -> 2538
2537 -> 2118
2538 -> 2537
2539 -> 1957
254 -> 120,1675
2540 -> 2539
2541 -> 2540
2542 -> 2543
2543 -> 481
2544 -> 2542
2545 -> 2546
2546 -> 2547
2547 -> 1769
2548 -> 2550
2549 -> 2548
255 -> 1454,254
2550 -> 1753
2551 -> 2552,2988
2552 -> 1401
2553 -> 2551
2554 -> 1924
2555 -> 2554
2556 -> 2555
2557 -> 2468,2690
2558 -> 2559
2559 -> 2557
256 -> 258,2875,2962
2560 -> 2562
2561 -> 2116
2562 -> 2561
2563 -> 2564
2564 -> 2565
2565 -> 1566
2566 -> 2568
2567 -> 1109
2568 -> 2567
2569 -> 2571
257 -> 256
2570 -> 2569
2571 -> 495
2572 -> 1444,2908
2573 -> 2572
2574 -> 2573
2575 -> 2576
2576 -> 2409
2577 -> 2575
2578 -> 2579
2579 -> 2580
258 -> 167
2580 -> 2081
2581 -> 2582
2582 -> 2583
2583 -> 1914
2584 -> 2586
2585 -> 2584
2586 -> 887
2587 -> 2588
2588 -> 2589
2589 -> 1843
259 -> 58,671
2590 -> 2591
2591 -> 834
2592 -> 2590,2722
2593 -> 2595
2594 -> 2593
2595 -> 1946,2795
2596 -> 2598
2597 -> 2596
2598 -> 839
2599 -> 1817
26 -> 11,488,766
260 -> 1713,261,675
2600 -> 2601
2601 -> 2599
2602 -> 2603
2603 -> 2604
2604 -> 578
2605 -> 2606
2606 -> 2607
2607 -> 262
2608 -> 2609
2609 -> 612
261 -> 259
2610 -> 2608
2611 -> 2613
2612 -> 1854
2613 -> 2612
2614 -> 2615,2633
2615 -> 2616
2616 -> 509
2617 -> 2618
2618 -> 2619
2619 -> 1031
262 -> 1399,2605,264
2620 -> 2622
2621 -> 2620
2622 -> 327
2623 -> 2625
2624 -> 764
2625 -> 2624
2626 -> 2627
2627 -> 2628
2628 -> 374
2629 -> 2631
263 -> 146
2630 -> 187
2631 -> 2630
2632 -> 2614
2633 -> 2634
2634 -> 2632
2635 -> 2636
2636 -> 2637
2637 -> 360
2638 -> 2639
2639 -> 110
264 -> 263
2640 -> 2638
2641 -> 2642
2642 -> 728
2643 -> 2641
2644 -> 1334
2645 -> 2644
2646 -> 2645,2809
2647 -> 268
2648 -> 2649
2649 -> 2647
265 -> 266
2650 -> 2652
2651 -> 783
2652 -> 2651
2653 -> 2654
2654 -> 2655
2655 -> 2002
2656 -> 1019
2657 -> 2658
2658 -> 2656
2659 -> 2294
266 -> 267,460
2660 -> 2659
2661 -> 2660
2662 -> 1380
2663 -> 2664
2664 -> 2662
2665 -> 2667
2666 -> 1712
2667 -> 2666
2668 -> 2670
2669 -> 2668
267 -> 247
2670 -> 44
2671 -> 2673
2672 -> 2671
2673 -> 1208
2674 -> 288
2675 -> 2674
2676 -> 2675
2677 -> 412
2678 -> 2679
2679 -> 2677
268 -> 238,2648
2680 -> 2681
2681 -> 2682
2682 -> 2334
2683 -> 2685
2684 -> 2683
2685 -> 337
2686 -> 2688
2687 -> 2686
2688 -> 1506
2689 -> 2557
269 -> 1415,268,2814
2690 -> 2691
2691 -> 2689
2692 -> 41
2693 -> 2692,2799
2694 -> 2693
2695 -> 2196
2696 -> 2695
2697 -> 2696
2698 -> 2699
2699 -> 327
27 -> 26,37
270 -> 269
2700 -> 2698
2701 -> 2703
2702 -> 2315
2703 -> 2702
2704 -> 2705
2705 -> 2485
2706 -> 2704
2707 -> 2709
2708 -> 2365
2709 -> 2708
271 -> 1251,272,322,760
2710 -> 2711
2711 -> 2712
2712 -> 1220
2713 -> 2715
2714 -> 2713
2715 -> 1194,2825
2716 -> 2718
2717 -> 2716
2718 -> 1360
2719 -> 2720
272 -> 273
2720 -> 2721
2721 -> 325
2722 -> 2723
2723 -> 2724
2724 -> 2592
2725 -> 1900
2726 -> 2725
2727 -> 2726,2771
2728 -> 2730
2729 -> 902
273 -> 1369,344,9
2730 -> 2729
2731 -> 2733
2732 -> 2731
2733 -> 1416
2734 -> 2736
2735 -> 2
2736 -> 2735
2737 -> 2739
2738 -> 2737
2739 -> 2294
274 -> 1841,276,352
2740 -> 2741
2741 -> 2742
2742 -> 1640
2743 -> 1826
2744 -> 2743
2745 -> 2744
2746 -> 1973
2747 -> 2746
2748 -> 2747
2749 -> 1507
275 -> 164
2750 -> 2751
2751 -> 2749
2752 -> 946
2753 -> 2752,2923
2754 -> 2753
2755 -> 863
2756 -> 2755
2757 -> 2756
2758 -> 1092
2759 -> 2758
276 -> 275
2760 -> 2759
2761 -> 2762
2762 -> 205
2763 -> 2761
2764 -> 965
2765 -> 2764
2766 -> 2765
2767 -> 2768
2768 -> 1448
2769 -> 2767
277 -> 278
2770 -> 2727
2771 -> 2772
2772 -> 2770
2773 -> 2775
2774 -> 2773
2775 -> 1350
2776 -> 2287
2777 -> 2776
2778 -> 2777
2779 -> 481
278 -> 21
2780 -> 2779
2781 -> 2780
2782 -> 1151
2783 -> 2784
2784 -> 2782
2785 -> 2786
2786 -> 2787
2787 -> 1561
2788 -> 2790
2789 -> 2788
279 -> 277
2790 -> 1510
2791 -> 2793
2792 -> 2791
2793 -> 377
2794 -> 2595
2795 -> 2796
2796 -> 2794
2797 -> 2798
2798 -> 2693
2799 -> 2797
28 -> 18
280 -> 114,412
2800 -> 483
2801 -> 2800
2802 -> 2801
2803 -> 2804
2804 -> 1973
2805 -> 2803
2806 -> 2339
2807 -> 2806
2808 -> 2807
2809 -> 2810
281 -> 1219,282
2810 -> 2811
2811 -> 2646
2812 -> 2813
2813 -> 269
2814 -> 2812
2815 -> 2816
2816 -> 2817
2817 -> 1546
2818 -> 737
2819 -> 2820
282 -> 280,2984,2992
2820 -> 2818
2821 -> 2823
2822 -> 1721
2823 -> 2822
2824 -> 2715
2825 -> 2826
2826 -> 2824
2827 -> 2829
2828 -> 2827
2829 -> 393
283 -> 1503,284,641,858
2830 -> 688
2831 -> 2830
2832 -> 2831
2833 -> 1750
2834 -> 2835
2835 -> 2833
2836 -> 2838
2837 -> 2836
2838 -> 1757
2839 -> 2841
284 -> 285
2840 -> 1856
2841 -> 2840
2842 -> 2844
2843 -> 1289
2844 -> 2843
2845 -> 2846
2846 -> 2137
2847 -> 2845
2848 -> 2850
2849 -> 1602
285 -> 0,545
2850 -> 2849
2851 -> 2853
2852 -> 2162
2853 -> 2852
2854 -> 1652
2855 -> 2854
2856 -> 2855
2857 -> 2858
2858 -> 521
2859 -> 2857
286 -> 13,1425
2860 -> 2427
2861 -> 2862
2862 -> 2860
2863 -> 1594
2864 -> 2863
2865 -> 2864
2866 -> 2868
2867 -> 2866
2868 -> 411
2869 -> 2114
287 -> 2387,288
2870 -> 2869
2871 -> 2870
2872 -> 2874
2873 -> 1613,2981
2874 -> 2873
2875 -> 2877
2876 -> 256
2877 -> 2876
2878 -> 2880
2879 -> 2878
288 -> 2320,2676,286
2880 -> 1690
2881 -> 2882
2882 -> 2883
2883 -> 1000
2884 -> 2885
2885 -> 2886
2886 -> 427
2887 -> 435
2888 -> 2889
2889 -> 2887
289 -> 291
2890 -> 2892
2891 -> 2890
2892 -> 662
2893 -> 130
2894 -> 2893
2895 -> 2894
2896 -> 2897
2897 -> 2244
2898 -> 2896
2899 -> 2901
29 -> 30
290 -> 289,514
2900 -> 1556
2901 -> 2900
2902 -> 2904
2903 -> 1223
2904 -> 2903
2905 -> 2907
2906 -> 250
2907 -> 2906
2908 -> 2910
2909 -> 2572
291 -> 165
2910 -> 2909
2911 -> 2913
2912 -> 1751
2913 -> 2912
2914 -> 2916
2915 -> 2914
2916 -> 2113
2917 -> 2918
2918 -> 689
2919 -> 2917
292 -> 293
2920 -> 2921
2921 -> 2922
2922 -> 1253
2923 -> 2925
2924 -> 2753
2925 -> 2924
2926 -> 2927
2927 -> 2288
2928 -> 2926
2929 -> 2930
293 -> 183,715
2930 -> 2931
2931 -> 641
2932 -> 2933
2933 -> 1698
2934 -> 2932
2935 -> 2936
2936 -> 832
2937 -> 2935
2938 -> 2940
2939 -> 2405
294 -> 292
2940 -> 2939
2941 -> 2942
2942 -> 1814
2943 -> 2941
2944 -> 72
2945 -> 2946
2946 -> 2944
2947 -> 2949
2948 -> 2947
2949 -> 2498
295 -> 1836,39
2950 -> 2951
2951 -> 2952
2952 -> 1780
2953 -> 2954
2954 -> 2955
2955 -> 2428
2956 -> 2957
2957 -> 2958
2958 -> 223
2959 -> 2961
296 -> 295
2960 -> 2959
2961 -> 124
2962 -> 2964
2963 -> 256
2964 -> 2963
2965 -> 2967
2966 -> 2322
2967 -> 2966
2968 -> 1200
2969 -> 2968
297 -> 296
2970 -> 2969
2971 -> 2973
2972 -> 2971
2973 -> 1905
2974 -> 2976
2975 -> 1638
2976 -> 2975
2977 -> 398
2978 -> 2977
2979 -> 2978
298 -> 300,961
2980 -> 2873
2981 -> 2982
2982 -> 2980
2983 -> 282
2984 -> 2985
2985 -> 2983
2986 -> 2551
2987 -> 2986
2988 -> 2987
2989 -> 2991
299 -> 298
2990 -> 2315
2991 -> 2990
2992 -> 2993
2993 -> 2994
2994 -> 282
2995 -> 2996
2996 -> 458
2997 -> 2995
2998 -> 3000
2999 -> 2998
3 -> 1,1515,201,9
30 -> 28,48
300 -> 326,79
3000 -> 2000
301 -> 1339,302
302 -> 303
303 -> 115
304 -> 306
305 -> 1127,148
306 -> 305
307 -> 1778,309
308 -> 307,534
309 -> 481,50
31 -> 104,1088,33
310 -> 312,330,719
311 -> 310,496
312 -> 248,712
313 -> 314,634,708
314 -> 127,2240
315 -> 313
316 -> 1898,318,459,914
317 -> 1387,316
318 -> 333,71,890
319 -> 321
32 -> 216,5
320 -> 1043,319
321 -> 177,363
322 -> 323
323 -> 1592,324
324 -> 1926,271,406
325 -> 2719,327
326 -> 325,367
327 -> 2621,2700,300,750
328 -> 329
329 -> 310,404
33 -> 1358,32
330 -> 328
331 -> 332,753
332 -> 318
333 -> 331
334 -> 336,396
335 -> 21
336 -> 335
337 -> 2684,339
338 -> 2080,337,415
339 -> 99
34 -> 22
340 -> 342
341 -> 225
342 -> 341,815
343 -> 345
344 -> 343
345 -> 1069,273
346 -> 347
347 -> 203,484
348 -> 346
349 -> 164,887
35 -> 1907,36,43
350 -> 351
351 -> 349
352 -> 2445,353
353 -> 354
354 -> 1051,274
355 -> 357
356 -> 1288,355,737
357 -> 154,1685
358 -> 2209,49,939
359 -> 1517,360
36 -> 34
360 -> 2635,358,617
361 -> 362
362 -> 2012,321
363 -> 361
364 -> 2299,85
365 -> 366
366 -> 364
367 -> 369
368 -> 326,578,883
369 -> 368
37 -> 190,38
370 -> 371,828
371 -> 118
372 -> 370
373 -> 374,655
374 -> 2626,97
375 -> 373,567
376 -> 231
377 -> 2792,376,553
378 -> 377
379 -> 49
38 -> 39,40,51,68
380 -> 379
381 -> 380
382 -> 384
383 -> 382
384 -> 53
385 -> 234
386 -> 387
387 -> 385
388 -> 2030,229,585,633
389 -> 388
39 -> 27,297
390 -> 389
391 -> 393
392 -> 391,648
393 -> 2828,44
394 -> 395
395 -> 334
396 -> 394
397 -> 398
398 -> 2979,399
399 -> 69
4 -> 5,580
40 -> 41
400 -> 204,2502
401 -> 400,537
402 -> 401
403 -> 405
404 -> 403
405 -> 1023,2269,329
406 -> 407
407 -> 408
408 -> 324,842
409 -> 238
41 -> 141,158,2694,42
410 -> 2410,409,589
411 -> 2867,410
412 -> 2678,413
413 -> 414
414 -> 280
415 -> 416
416 -> 417,429
417 -> 338
418 -> 420,449
419 -> 418
42 -> 38
420 -> 1427,729,80
421 -> 422
422 -> 423
423 -> 154
424 -> 426,893
425 -> 1048,424,609
426 -> 1439,228
427 -> 2884,428
428 -> 416
429 -> 1148,427
43 -> 163,187,2039,45
430 -> 1352,86
431 -> 432
432 -> 1173,430
433 -> 434
434 -> 435
435 -> 234,2888
436 -> 1381,59
437 -> 2014,438
438 -> 436
439 -> 1900,440
44 -> 2669,35,392
440 -> 2323,441
441 -> 208
442 -> 1177,444,508
443 -> 84
444 -> 443
445 -> 446
446 -> 107,518
447 -> 445
448 -> 418
449 -> 450
45 -> 248,44
450 -> 448
451 -> 5,690
452 -> 453
453 -> 451,586
454 -> 2105,456
455 -> 1437,454
456 -> 1130,72
457 -> 458
458 -> 2997,316,781
459 -> 457
46 -> 30,80,98
460 -> 2120,461,596
461 -> 462
462 -> 1537,266
463 -> 465,479
464 -> 1390,463,833
465 -> 143,821
466 -> 468,576
467 -> 140,540
468 -> 467
469 -> 471
47 -> 46,865,908
470 -> 469
471 -> 221
472 -> 473
473 -> 48
474 -> 1393,472
475 -> 476,806
476 -> 477
477 -> 241
478 -> 463
479 -> 480
48 -> 112,1342,47,474
480 -> 478,543
481 -> 2544,2781,483,666,759
482 -> 1469,1639,309
483 -> 2802,482
484 -> 486
485 -> 347,947
486 -> 485
487 -> 2009,26
488 -> 489
489 -> 487,830
49 -> 169,238,359,381,50
490 -> 2431,491
491 -> 190
492 -> 1862,490
493 -> 2150,494
494 -> 202
495 -> 2570,493
496 -> 2392,498,507
497 -> 311,923
498 -> 497
499 -> 500
5 -> 1,31,452,563,76
50 -> 1952,308,38,82,86
500 -> 1710,225
501 -> 499
502 -> 504
503 -> 1803,502,702
504 -> 104,1257,1937
505 -> 1085,496
506 -> 505
507 -> 506
508 -> 509,511
509 -> 1111,2614,510
51 -> 1230,49
510 -> 442
511 -> 2305,512,754
512 -> 513
513 -> 1736,508
514 -> 2087,515
515 -> 2217,516
516 -> 290
517 -> 519,573
518 -> 517
519 -> 446
52 -> 1108,205,53
520 -> 0,2246
521 -> 2859,520
522 -> 521,526,785
523 -> 88
524 -> 523,844
525 -> 524
526 -> 527
527 -> 528
528 -> 1232,522,698
529 -> 530,599
53 -> 383,54,55
530 -> 531
531 -> 98
532 -> 2356,533
533 -> 308
534 -> 1186,532,955
535 -> 401
536 -> 535
537 -> 536
538 -> 539
539 -> 1081,2021,467,966
54 -> 2426,6
540 -> 538
541 -> 480
542 -> 1013,541
543 -> 542
544 -> 285
545 -> 546,780
546 -> 544
547 -> 549,629
548 -> 188,1917
549 -> 548
55 -> 57,70,88
550 -> 552
551 -> 550
552 -> 112
553 -> 554
554 -> 555
555 -> 377
556 -> 557
557 -> 205
558 -> 556
559 -> 154
56 -> 53
560 -> 559
561 -> 1787,560
562 -> 564
563 -> 562
564 -> 5,949
565 -> 566,694,849
566 -> 375
567 -> 1763,565
568 -> 1919,569
569 -> 1097,570,850
57 -> 56,624
570 -> 11
571 -> 572
572 -> 1408,517
573 -> 571
574 -> 466
575 -> 1721,574
576 -> 575
577 -> 1349,579
578 -> 2602,577
579 -> 368
58 -> 260,60
580 -> 1167,581,747
581 -> 582
582 -> 4,721
583 -> 1745,2314,388
584 -> 583
585 -> 2089,584
586 -> 588
587 -> 1026,453
588 -> 1223,1645,587
589 -> 2224,590
59 -> 109,21,437
590 -> 591
591 -> 410
592 -> 593
593 -> 1417,87
594 -> 592
595 -> 597
596 -> 595
597 -> 1789,460
598 -> 529,954
599 -> 600
6 -> 1144,4,52
60 -> 59
600 -> 1065,598
601 -> 602
602 -> 1494,165
603 -> 1039,601
604 -> 606
605 -> 134
606 -> 605
607 -> 425
608 -> 607,770
609 -> 2072,608
61 -> 193,2
610 -> 611
611 -> 220
612 -> 2610,610,733
613 -> 614,929
614 -> 615
615 -> 108
616 -> 618
617 -> 616
618 -> 2348,360
619 -> 621
62 -> 63
620 -> 619
621 -> 141,2050
622 -> 57
623 -> 622
624 -> 1206,1237,623
625 -> 627
626 -> 625
627 -> 106
628 -> 630
629 -> 1811,628
63 -> 135,61
630 -> 547
631 -> 2253,632,933
632 -> 388,667
633 -> 631
634 -> 1183,1552,635
635 -> 636
636 -> 313
637 -> 639,835
638 -> 1035,637
639 -> 100,731
64 -> 210,66
640 -> 283,662
641 -> 2929,642
642 -> 640
643 -> 645
644 -> 2519,643
645 -> 1669,81
646 -> 392
647 -> 1318,646,976
648 -> 2061,647
649 -> 650,789,817
65 -> 1307,64,983
650 -> 651
651 -> 89
652 -> 654
653 -> 140,1800
654 -> 2492,653
655 -> 657,811
656 -> 1018,373,803
657 -> 2202,656
658 -> 1581,660
659 -> 1583,658
66 -> 1451,16
660 -> 174
661 -> 640
662 -> 2891,663
663 -> 661
664 -> 481
665 -> 1753,664
666 -> 665
667 -> 669
668 -> 632
669 -> 1240,668
67 -> 69
670 -> 672
671 -> 670
672 -> 259
673 -> 674
674 -> 260
675 -> 2127,673
676 -> 2203,677
677 -> 678
678 -> 1354,77
679 -> 680
68 -> 1103,67,763
680 -> 681,710
681 -> 241
682 -> 1008,144,872
683 -> 684
684 -> 682
685 -> 687
686 -> 200
687 -> 686
688 -> 2832,451
689 -> 1730,2919,688
69 -> 38,397
690 -> 689
691 -> 178
692 -> 1431,691
693 -> 692
694 -> 696
695 -> 1283,2054,565
696 -> 695
697 -> 528
698 -> 699
699 -> 697
7 -> 8
70 -> 100,72
700 -> 701
701 -> 1628,2236,503
702 -> 700
703 -> 246,797
704 -> 1378,705
705 -> 703
706 -> 707,776
707 -> 313
708 -> 706
709 -> 1946,680
71 -> 1377,317,55
710 -> 1075,711
711 -> 709
712 -> 1832,714
713 -> 312
714 -> 713
715 -> 1346,717
716 -> 293
717 -> 716
718 -> 1031,310
719 -> 720
72 -> 1157,204,2945,455,71
720 -> 1246,718
721 -> 723,854
722 -> 582
723 -> 722
724 -> 725,793
725 -> 1210,239
726 -> 724
727 -> 420,740
728 -> 2643,727
729 -> 1726,2111,728
73 -> 168,2094,8
730 -> 639
731 -> 732
732 -> 1935,2399,730
733 -> 734,870
734 -> 735
735 -> 612
736 -> 1287,356
737 -> 2819,738
738 -> 736
739 -> 741,935
74 -> 161,73
740 -> 739
741 -> 727
742 -> 85,988
743 -> 2181,742
744 -> 743
745 -> 746
746 -> 580
747 -> 1259,745
748 -> 749
749 -> 327
75 -> 74
750 -> 748,998
751 -> 752
752 -> 331
753 -> 1813,751
754 -> 1597,756
755 -> 511
756 -> 755
757 -> 481
758 -> 1062,757
759 -> 758
76 -> 172,77
760 -> 1337,761
761 -> 1001,1839,762
762 -> 271
763 -> 764
764 -> 1571,2447,2623,765
765 -> 68
766 -> 767
767 -> 768
768 -> 26
769 -> 771
77 -> 676,78
770 -> 769
771 -> 2475,2526,608
772 -> 773
773 -> 245
774 -> 772
775 -> 777
776 -> 775
777 -> 706
778 -> 545
779 -> 778
78 -> 1823,5,918
780 -> 2458,779
781 -> 783
782 -> 1765,458
783 -> 1660,2650,782
784 -> 522,862
785 -> 786,791
786 -> 784,986
787 -> 788
788 -> 649
789 -> 787
79 -> 131,299,46
790 -> 792
791 -> 1095,790
792 -> 785
793 -> 794
794 -> 795
795 -> 2083,724
796 -> 1316,703,809
797 -> 798
798 -> 2001,796
799 -> 1544,800
8 -> 222,3,75
80 -> 183,219,419,81
800 -> 1181,235
801 -> 1202,799
802 -> 804
803 -> 802
804 -> 1209,656
805 -> 1068,807
806 -> 805
807 -> 475
808 -> 1310,796
809 -> 1433,810
81 -> 644,79
810 -> 1298,808
811 -> 813
812 -> 655
813 -> 812
814 -> 1200,1465,342
815 -> 816
816 -> 814
817 -> 1254,1506,2163,819
818 -> 649
819 -> 818
82 -> 144,83
820 -> 822
821 -> 2272,820
822 -> 465
823 -> 122
824 -> 825
825 -> 823
826 -> 370
827 -> 1292,826
828 -> 827,882
829 -> 489
83 -> 84,906
830 -> 1944,831,912
831 -> 1139,1360,829
832 -> 1725,2937,464
833 -> 834
834 -> 2592,832
835 -> 836
836 -> 1463,837
837 -> 637
838 -> 175,1846
839 -> 2597,840
84 -> 442,50
840 -> 838,979
841 -> 843
842 -> 1694,841
843 -> 408
844 -> 846
845 -> 524
846 -> 1733,845,899
847 -> 565
848 -> 847
849 -> 848
85 -> 365,50,744
850 -> 852
851 -> 569
852 -> 851
853 -> 855
854 -> 853
855 -> 1489,721
856 -> 283
857 -> 856
858 -> 1134,857
859 -> 861
86 -> 128,431,87
860 -> 1176,859
861 -> 87
862 -> 1057,864
863 -> 1653,2757,784
864 -> 863
865 -> 1442,866
866 -> 1301,867
867 -> 47
868 -> 1519,869
869 -> 733,919
87 -> 594,85,860
870 -> 868
871 -> 1690,873
872 -> 871
873 -> 682
874 -> 1213,875,975
875 -> 180
876 -> 874
877 -> 1445,879
878 -> 209,2123
879 -> 878
88 -> 525,89
880 -> 828
881 -> 2532,880
882 -> 881
883 -> 1956,885
884 -> 368
885 -> 884
886 -> 349
887 -> 2585,888
888 -> 886
889 -> 318,942
89 -> 649,90
890 -> 891
891 -> 889
892 -> 894
893 -> 892
894 -> 1072,424
895 -> 12
896 -> 897
897 -> 895
898 -> 900
899 -> 898
9 -> 1236,20,271,7
90 -> 55
900 -> 846
901 -> 902
902 -> 2728,903
903 -> 1881,246
904 -> 1385,1549,905
905 -> 1511,1689,83
906 -> 904
907 -> 909
908 -> 907
909 -> 1016,47
91 -> 92
910 -> 830
911 -> 910
912 -> 911
913 -> 1596,2177,316
914 -> 1757,915
915 -> 913
916 -> 1123,78
917 -> 916
918 -> 917,944
919 -> 921
92 -> 93
920 -> 2214,869
921 -> 920
922 -> 497
923 -> 2068,924
924 -> 922
925 -> 927
926 -> 138
927 -> 926
928 -> 613
929 -> 930
93 -> 117,12,2442
930 -> 928
931 -> 1054,932
932 -> 631
933 -> 931
934 -> 2042,936
935 -> 934
936 -> 739
937 -> 938
938 -> 1276,358
939 -> 937
94 -> 96
940 -> 889
941 -> 1142,1656,940
942 -> 941
943 -> 918
944 -> 945
945 -> 943
946 -> 2754,485
947 -> 948
948 -> 946
949 -> 951
95 -> 175,22
950 -> 564
951 -> 950
952 -> 598
953 -> 952
954 -> 1373,953
955 -> 956
956 -> 957
957 -> 1497,534
958 -> 960
959 -> 958
96 -> 95
960 -> 192,1997
961 -> 963
962 -> 1485,298
963 -> 2167,2529,962
964 -> 539
965 -> 2766,964
966 -> 965
967 -> 968
968 -> 969
969 -> 200,996
97 -> 1279,375,46
970 -> 972
971 -> 126
972 -> 971
973 -> 974
974 -> 874
975 -> 973
976 -> 1658,978
977 -> 647
978 -> 977
979 -> 980
98 -> 2130,529,99
980 -> 981
981 -> 840
982 -> 65
983 -> 984
984 -> 982
985 -> 786
986 -> 987
987 -> 985
988 -> 2101,990
989 -> 742
99 -> 338,97
990 -> 1047,989
991 -> 149
992 -> 991
993 -> 992
994 -> 969
995 -> 994
996 -> 2378,995
997 -> 750
998 -> 999
999 -> 997
