15937.8398931
1884.10175656
1985.14943656
2013.14434656
2084.21784656
2110.19710656
2183.28625656
2273.26043656
2369.36556656
2387.30336656
2458.34047656
2470.41324656
2527.43470656
2572.38340656
2655.49328656
2758.46271656
2784.53587656
2859.51039656
2940.63698656
2946.54242656
3011.67409656
3109.60575656
3148.73300656
3246.66466656
3262.77593656
3359.74872656
3418.87704656
3545.82803656
3547.91963656
3604.94109656
3661.96255656
3673.88661656
3776.98949656
3787.92954656
3901.97247656
3905.04807656
4033.01296656
4061.14918656
4134.06064656
4160.21759656
4261.26527656
4263.10323656
4366.11242656
4389.36023656
4453.14445656
4492.36942656
4566.22851656
4620.46438656
4680.27144656
4776.56549656
4781.31912656
4918.37803656
4923.63390656
5046.43661656
5086.69723656
5143.48937656
5189.70642656
5240.54213656
5317.80138656
5337.59489656
5408.63200656
5480.86471656
5545.69091656
5579.93312656
5650.97023656
5673.74949656
5765.99717656
5820.81790656
5895.03976656
6006.89721656
6032.09867656
6145.18273656
6192.97652656
6308.24606656
6356.03985656
6379.28317656
6436.30463656
6519.10318656
6599.36796656
6675.20429656
6727.42654656
6803.26287656
6828.47422656
6917.30580656
6956.53280656
6988.34291656
7069.61686656
7172.62605656
7174.42222656
7302.48080656
7319.69446656
7399.53356656
7406.72649656
7496.58632656
7535.76908656
7682.66563656
7691.87019656
7819.72454656
7847.97130656
7933.76747656
8004.07241656
8089.86858656
8118.11534656
8245.96969656
8255.17425656
8402.07080656
8441.25356656
8531.11339656
8538.30632656
8618.14542656
8635.35908656
8763.41766656
8765.21383656
8868.22302656
8949.49697656
8981.30708656
9020.53408656
9109.36566656
9134.57701656
9210.41334656
9262.63559656
9338.47192656
9418.73670656
9501.53525656
9558.55671656
9581.80003656
9629.59382656
9744.86336656
9792.65715656
9905.74121656
9930.94267656
10042.8001266
10117.0219866
10171.8427166
10264.0903966
10286.8696566
10357.9067666
10392.1489766
10456.9751766
10529.2078866
10600.2449966
10620.0385066
10697.2977566
10748.1334666
10794.3505166
10851.1426566
10891.4032766
11014.2059866
11019.4618566
11156.5207666
11161.2743966
11257.5684466
11317.3755066
11371.6113766
11445.4704666
11484.6954366
11548.4796566
11571.7274666
11674.7366566
11676.5746166
11777.6222966
11803.7792466
11876.6907066
11904.8269266
12032.7918166
12035.8674166
12149.9103466
12160.8503966
12263.9532766
12275.8773366
12332.8987966
12389.9202566
12392.0118566
12518.9628466
12578.0911666
12675.0639566
12691.1752266
12789.1068866
12828.2341366
12926.1657966
12991.2974666
12997.2029066
13078.3294966
13153.3040166
13179.3771766
13282.3466066
13365.4564866
13410.4051866
13467.4266466
13479.4994166
13550.5365266
13568.4743266
13664.5794566
13754.5536366
13827.6427866
13853.6220466
13924.6955466
13952.6904566
14053.7381366