3312.24563003
3415.25482003
3451.73391892
3469.94273059
3527.45796346
3533.30080535
3546.29531003
3551.86023099
3589.61506167
3679.27471023
3709.35864003
3711.82501913
3730.30105779
3756.13103572
3787.45195725
3846.41755003
3974.47613003
4130.57724003
4217.60927003
4320.61846003
4404.2323873
4407.65049003
4438.34316951
4446.16468833
4523.44645735
4535.3364923
4538.69098003
4543.80141127
4562.1992639
4651.77504003
4687.19839857
4722.81215003
4724.92908874
4733.17324075
4835.89621003
4947.37778103
4950.92315003
5007.94461003
5051.97083003
5102.90933947
5107.01302003
5108.99229003
5224.01923003
5270.07635003
5318.64323001
5327.02842003
5357.10838003
5443.75311377
5476.87493004
5490.09175003
5520.17171003
5577.19317003
5603.17581003
5639.55726604
5659.73821446
5704.22349003
5714.25208003
5801.27625003
5851.31099003
5888.30828003
5922.34810003
5960.82073817
5989.35596003
6102.44002003
6108.42741003
6131.60662331
6207.49582003
6270.92837436
6288.51933003
6291.1323066
6363.59693003
6390.8895416
6402.56226003
6476.68099003
6530.62084003
6591.70793003
6601.65795003
6694.71712003
6748.72636003
6823.75971003
6876.78494003
6884.52417153
6896.33203209
6951.85467003
6991.81188003
7107.95578003