3456.05835118
3543.09038118
3680.14929118
3811.18978118
3942.23027118
4056.27320118
4219.33653118
4375.43764118
4446.47475118
4560.51768118
4647.54971118
4760.63377118
4907.70218118
5006.77059118
5119.85465118
5233.89758118
5332.96599118
5430.01875118
5543.10281118
5671.16139118
5784.24545118
5912.34041118
5983.37752118
6084.42520118
6212.52016118
6311.58857118
6474.65190118
6602.74686118
6733.78735118
6847.83028118
6918.86739118
7055.92630118
7186.96679118
7324.02570118
7480.12681118
7577.17957118
7648.21668118
7776.31164118
7873.36440118
7986.44846118
8114.54342118
8201.57545118
8348.64386118
8419.68097118
8533.72390118
8636.73309118
8737.78077118
8834.83353118
8931.88629118
8988.90775118
9151.97108118
9280.02966118
9417.08857118
9532.11551118
9629.16827118
9744.19521118
9845.24289118
9902.26435118
10030.3229312
10101.3600412
10238.4189512
10335.4717112
10406.5088212
10477.5459312
10591.5888612
10694.5980512
10808.6409812
10909.6886612
11006.7414212
11134.8363812
11248.8793112
11376.9742712
11492.0012112
11549.0226712
11646.0754312
11783.1343412
11920.1932512
11991.2303612
12177.3096712
12274.3624312
12405.4029212
12568.4662512
12683.4931912
12786.5023812